ADS.apcat	3589695958.0	2910094	0
BrightStar.apcat	3586716333.0	829402	0
Caldwell.apcat	3589220640.0	9691	0
CIG.apcat	3595794648.0	84080	0
Clark.apcat	3595794648.0	55905	0
ESO.apcat	3595794756.0	4222067	0
Herschel400-I.apcat	3589220642.0	125516	0
Herschel400-II.apcat	3589220642.0	33860	0
Herschel.apcat	3589220641.0	787268	0
IC.apcat	3589216571.0	464698	0
Messier.apcat	3586716333.0	16586	0
NexStar.apcat	3589221300.0	685626	0
NGC.apcat	3586716333.0	675742	0
UGC.apcat	3595795783.0	882871	0
WDS2017_8.apcat	3590217025.0	49493656	0
YaleBrightStar.apcat	3589220999.0	26609819	0
