SERIES96.mar 2415020.5  14630.  2  2  5
 183
  0.0008877522288570
  0.0013729399694004
  0.0018315915278525
  0.0022676978009377
  0.0025768364257559
  0.0029263049078841
  0.0034510761328420
  0.0039829370797411
  0.0046043854658129
  0.0050249338205715
  0.0051647526616475
  0.0053590311082507
  0.0058383047596016
  0.0063579396369828
  0.0068071104757156
  0.0070617448267363
  0.0076070708307307
  0.0080768275422349
  0.0085467746506788
  0.0088709193151345
  0.0091461136907233
  0.0097026445255882
  0.0103566752970091
  0.0106096584082980
  0.0111610710894499
  0.0116654875941777
  0.0121594092484352
  0.0125690158976282
  0.0132348314008957
  0.0138814222534530
  0.0145957059050955
  0.0150708488228911
  0.0153564672750276
  0.0159379569363361
  0.0164269359893236
  0.0169161623147342
  0.0174252280010363
  0.0178824576098892
  0.0182915973898555
  0.0191104865004288
  0.0193262713832236
  0.0197906387939110
  0.0203750567695332
  0.0210088838052051
  0.0215308357924437
  0.0219031081425113
  0.0224407167842383
  0.0230834225886982
  0.0243443758792021
  0.0245318897204489
  0.0251257334913378
  0.0255225830973488
  0.0259748367005902
  0.0264540381615870
  0.0268982164512258
  0.0272873012104466
  0.0274379545728525
  0.0280352220905615
  0.0284443462196550
  0.0288394907866077
  0.0293401142950570
  0.0295364554069357
  0.0299992287069227
  0.0311373792930605
  0.0320337290466522
  0.0322372800327547
  0.0330763639262141
  0.0336837089157246
  0.0340501206518973
  0.0346625310982497
  0.0352044380517070
  0.0356898291556118
  0.0362052436561513
  0.0365835275545670
  0.0368706835978567
  0.0372289867656454
  0.0378055584671847
  0.0385451846910661
  0.0391736258206963
  0.0396126344015717
  0.0398769564147254
  0.0402877685499274
  0.0407828933711879
  0.0413773768899085
  0.0421967634530792
  0.0424531326198823
  0.0428308164447542
  0.0432309423375551
  0.0436583936097020
  0.0440018085889549
  0.0443734815516629
  0.0448969869499532
  0.0453980174328769
  0.0457298370526233
  0.0460313189844831
  0.0463142287475244
  0.0466913067023597
  0.0471405330659198
  0.0476627396739632
  0.0482081382420073
  0.0489375744518381
  0.0493535568829955
  0.0497835577523640
  0.0505031707165537
  0.0509786339500645
  0.0513087751108465
  0.0519804244297209
  0.0525767929770170
  0.0531043044198411
  0.0534574101760336
  0.0537305868300393
  0.0543134606197778
  0.0548764515869717
  0.0549819497015505
  0.0553171660688693
  0.0557918802693324
  0.0562721416916553
  0.0568990038973040
  0.0572440187106204
  0.0577740841334334
  0.0582919094617735
  0.0588407473709806
  0.0592032263915690
  0.0594438514226144
  0.0603075260333915
  0.0607707629859327
  0.0611578329883929
  0.0617454525641972
  0.0622215931966522
  0.0626081129232547
  0.0632361506181731
  0.0634061612201763
  0.0640215235897832
  0.0643439575021879
  0.0653732814744122
  0.0658110072802754
  0.0661541547635998
  0.0664821560230950
  0.0668357095794288
  0.0680992452006607
  0.0682005426764049
  0.0688856458750847
  0.0692873237910988
  0.0703303561539197
  0.0705283742552865
  0.0714220286719781
  0.0718991755907689
  0.0724229357660479
  0.0727247254006769
  0.0731647825921120
  0.0735854033992081
  0.0739113882096797
  0.0750902346659137
  0.0753209257937836
  0.0756955027412487
  0.0760911409388366
  0.0772956242713333
  0.0784042627341069
  0.0794928832174050
  0.0805448589740830
  0.0814540666204944
  0.0823375334716027
  0.0824550785490634
  0.0829587279199443
  0.0832426644925621
  0.0842872323886195
  0.0848251250719122
  0.0850362079265689
  0.0864299783864886
  0.0885994877379462
  0.0898656590149309
  0.0914086944755407
  0.0922490707353901
  0.0934753187912149
  0.0948375693459421
  0.0966813177365228
  0.0993453290002236
  0.1014531134719015
  0.1037983401993415
  0.1135659810923016
  0.1228013005331755
  0.1428494989561056
  0.2142742283935531
  24
  0.0068071104757156
  0.0106096584082980
  0.0153564672750276
  0.0182915973898555
  0.0193262713832236
  0.0230834225886982
  0.0245318897204489
  0.0274379545728525
  0.0293401142950570
  0.0322372800327547
  0.0336837089157246
  0.0365835275545670
  0.0457298370526233
  0.0519804244297209
  0.0548764515869717
  0.0611578329883929
  0.0703303561539197
  0.0724229357660479
  0.0772956242713333
  0.0784042627341069
  0.0823375334716027
  0.0848251250719122
  0.1037983401993415
  0.1428494989561056
   1
  0.0182915973898555
********************
   1   1
  -1943394495.     -2292047.
       299395.      1374277.
       239420.        45338.
      -699022.     -1279006.
      -262888.        18815.
       446037.       287659.
      -268375.       -91265.
      -185050.     -1083628.
      -132864.       120444.
        68237.       -88529.
      -555385.       231830.
      3955743.     -1892738.
     -6033005.      2951676.
      3164476.     -1510712.
     -1021588.       355183.
      1340078.     -1710831.
      1774010.      -784578.
     -2867152.      1596012.
       488598.      -326922.
      -489410.       619816.
       883194.      -168726.
     -1345239.       -40229.
 -14883852610.  -2963518471.
       -97894.       -88749.
      -227685.       893545.
       281925.      -437194.
      -116323.      -165099.
       -38401.        18357.
        72079.        62598.
       -16597.       -28668.
          128.         7406.
        25777.       -38477.
       -24146.         1659.
       244298.         3504.
       193417.      -394434.
      -200541.        98626.
        50578.        19088.
       460781.      -322910.
      -114359.      -197523.
        63321.       419401.
    706256567.    -21721801.
      -378748.       626383.
       297603.      -528525.
        19235.       -50088.
        10283.        14936.
         1731.        -5335.
       -18973.        -2414.
          833.        -5136.
        -2763.         1426.
       -34036.        -4621.
        38587.       -36862.
      -106242.       237100.
       -13610.        13443.
        24657.       -27177.
       -81667.        73908.
        42401.       -15880.
      -112668.       113085.
       923414.     -1089308.
    -48524540.     13484821.
       -81608.        94684.
        49927.       -72486.
       -41869.        80030.
       -24139.        92474.
        41764.      -141525.
          186.         7420.
          362.         2072.
         -742.        -4627.
        10428.        12705.
          164.          688.
         5373.       -34889.
        -3281.         -360.
          979.          378.
         5229.        -8838.
        -1539.         -154.
         -333.        -3187.
      3611951.     -1903183.
         5636.         7455.
        -1968.        -1648.
          410.          152.
          551.          101.
         -400.          265.
          -96.           41.
          853.           33.
           34.          362.
          -40.          -10.
        -1911.        -1466.
         -107.           -9.
          439.          -25.
          277.         4715.
          219.           17.
         -247.          -83.
          169.           12.
         -643.         1154.
          759.           13.
        -1643.          781.
      -282189.       243273.
         2823.        -2295.
        -1004.         1110.
          332.         -313.
         -395.          267.
          -19.          -12.
         -112.           99.
         -174.           25.
          -68.          -24.
           20.           18.
          309.          171.
           50.           19.
          -89.          -20.
         -177.         -618.
           83.           45.
          -62.           20.
          256.           10.
         -234.         -153.
            0.          205.
        23764.       -23346.
        -2735.        -6059.
          126.          313.
          -27.          -43.
          -98.           69.
           -1.          -53.
           30.          -13.
          -14.           -1.
           43.            2.
          -24.            0.
           49.          -14.
          -71.          -11.
           41.           -4.
          -31.           11.
           27.          112.
           11.           -2.
          -59.          -41.
           -2.            7.
           15.            5.
           23.          -26.
        -1419.         3328.
          -23.          -38.
           -8.            4.
          -34.           13.
            0.           64.
          -27.           20.
            9.            3.
            0.           12.
           10.           10.
            3.            1.
          -37.            3.
          -11.          -34.
           12.          -13.
         -326.          529.
           -4.            3.
           20.          -25.
          -14.            8.
           72.         -372.
           -9.           -6.
            6.           -7.
           13.            1.
           -4.           21.
           12.          -35.
           -8.            2.
          -12.          -16.
           20.           -7.
            0.            7.
           13.           -3.
            1.           -4.
          -91.           97.
          103.          -64.
          -10.            5.
            7.            3.
          -10.            3.
           -5.           26.
            5.           -3.
            6.            6.
            6.            6.
            3.            0.
           -2.           -2.
           -1.           -2.
            5.           -5.
           -1.           -6.
           -1.            4.
           -3.           -2.
            3.            3.
            2.            6.
           -1.           -4.
            0.            2.
           51.          -38.
           -9.            3.
     -6536664.     -4133539.
        37606.       716780.
      -538525.      -229632.
     -2186652.       547442.
       464388.       745145.
         5998.         2459.
       -67751.       -56983.
      -883350.     -1092220.
       103232.       273383.
         1932.        -6651.
        -7265.         2298.
         1056.       -16705.
         5866.         3501.
          100.          -97.
        -1874.         4278.
           82.           21.
            4.           21.
          -14.          -16.
           -2.            4.
            4.           -1.
           81.           44.
           -2.           12.
           -3.           -1.
           -1.            0.
      -382802.      1365318.
   1   2
    778182509.     -4072113.
       -46252.      3359733.
       100731.       499193.
      1041959.      -918089.
       109966.        80721.
      -426933.       -45169.
       243904.       243842.
       887092.      -466147.
       -35024.         5916.
         8641.      -110364.
       -29719.       -36665.
       204108.     -1285519.
      -389028.      1982626.
       246172.     -1011594.
      -149284.       313736.
      -878431.      -228111.
       -86691.       232873.
       336669.        24884.
        45550.        56224.
      -411577.      -278708.
       -49198.       638705.
       344000.     -1146123.
   2559146900. -13539530851.
       105045.       -35511.
      -917269.      -282687.
       476074.       320578.
       168678.      -112779.
       -21850.       -29539.
       -56365.        53109.
         4920.       -17710.
         4303.        -2917.
       -74979.       121202.
       -38430.        26362.
       149321.       -50478.
       252414.       328425.
      -146581.       -79933.
        21999.       -40392.
       246496.       523813.
       284138.      -344698.
      -852786.      1174098.
     26811086.    640129416.
     -1188941.      1289227.
       958567.      -994048.
        84666.      -102982.
       -22721.        28473.
         7409.        -5314.
        -1069.         7171.
         2239.         -198.
        -3915.         -797.
         9585.       -39414.
        58722.        -2445.
      -234231.       -66744.
       -26880.         4019.
        39875.         6109.
       -84408.       -57722.
        42820.        15084.
      -185069.       -45865.
      1691295.       454669.
    -13315985.    -43634597.
      -138974.       -61691.
       107576.        47321.
      -110129.       -46698.
      -113990.       -55885.
       181739.        85979.
        -9582.        -5872.
          265.         -301.
         4635.         4925.
       -11659.         4153.
         -604.        -1123.
        31858.         3164.
           32.         -409.
          -93.           22.
         8034.         5770.
          272.        -2803.
         1721.         7018.
      1763166.      3270908.
        -3698.       -11422.
          916.         2070.
          378.        -1055.
         -347.         -176.
          131.          780.
           28.         -472.
          -27.         1188.
           70.         -246.
          -29.           21.
         1363.        -1809.
           72.          -15.
          -70.          210.
        -4148.          627.
          -67.          -40.
          244.          204.
         -482.         -346.
         -738.         -107.
         -263.         -274.
         1435.         1202.
      -221497.      -251386.
        -3883.        -4718.
         1748.         2176.
         -599.         -746.
          277.          553.
           96.           90.
          125.           69.
           13.         -140.
            3.          -79.
           39.           46.
         -169.          268.
           -9.          147.
          -11.         -141.
          465.         -282.
            9.          126.
           61.         -296.
          179.          501.
          -37.         -450.
           91.          724.
        28424.        36993.
        -2125.       -19576.
           99.         1303.
          -80.         -281.
           18.          144.
          -67.          -76.
          -29.           14.
            7.           -4.
            0.           55.
          -15.          -57.
          -28.          114.
           28.         -125.
           13.          -64.
          -16.           76.
            2.           32.
            9.          -13.
          -47.           51.
          -21.            4.
            8.          -11.
          -24.          -22.
        -3014.        -1267.
          -47.           16.
            1.          -10.
           -1.           -4.
           75.           28.
            6.           -1.
            6.           -1.
           28.           19.
           -5.          -25.
            3.           15.
            0.           24.
          -28.            8.
           -1.          -28.
         -470.         -285.
           -8.          -18.
          -27.          -45.
           13.           56.
          331.           40.
            6.           14.
           -8.           -8.
            2.          -16.
           20.           13.
          -29.          -12.
            0.            7.
          -14.           11.
           -4.          -17.
            3.            1.
            0.          -15.
           -3.           -1.
          -42.           -5.
            5.            6.
            0.           -3.
            6.            2.
           -1.            9.
           25.           15.
           -8.          -24.
            4.           -6.
            8.           -4.
           -1.           -3.
            6.           -1.
           -2.            1.
           -6.           -5.
           -6.            1.
            3.            1.
           -2.            1.
            3.           -2.
            6.           -2.
           -4.            2.
            1.           -1.
           35.           44.
           -4.           -8.
       925257.      -331329.
       830527.      -119673.
      -522711.       -48016.
      1076308.      3356053.
      1369019.      1462896.
         7488.           92.
      -103775.        -6175.
     -1656365.       479746.
       356916.      -169336.
        -6394.         6871.
         1680.          -59.
        -9421.        33199.
        -7292.         7570.
           49.         -334.
        -1224.        13224.
           13.          118.
           -8.           51.
           45.         -112.
           -8.            1.
            4.            0.
           -9.            3.
          -27.           36.
            2.           -1.
           -1.            2.
     -2919082.      3754681.
   1   3
    409806979.     -2346976.
       -27747.      2735763.
        39494.       391677.
       490722.      -523065.
        54070.       197879.
      -204515.      -261281.
       114082.       363810.
       408031.      -335482.
       -13475.        84694.
         4684.      -137452.
        -8494.       273144.
        83127.     -2965352.
      -183161.      4747133.
       128020.     -2546880.
       -85879.       815938.
      -411440.     -1058512.
        27942.      -989442.
        59566.      1998162.
        39517.      -305276.
      -216422.       109919.
        40128.       -81174.
       -19882.       207365.
   1579047226.  -6129456305.
        69780.       -40327.
      -444181.      -155990.
       233122.       160084.
        81905.       -40505.
        -9762.       -17514.
       -27266.        24373.
         4112.        -8035.
         2071.        -1055.
       -32226.        53751.
       -15177.        12711.
        50702.       -31471.
       119119.       164524.
       -57336.       -34017.
         4989.       -25084.
       104640.       254461.
       122854.      -170899.
      -343027.       617418.
     -6985218.    294076237.
      -460331.       717954.
       373757.      -553012.
        33012.       -56346.
        -9732.        14117.
         3067.        -2827.
          360.         3678.
          486.         -608.
        -1532.           93.
         5068.       -18271.
        24496.        -6337.
      -103926.       -32512.
       -10685.         4813.
        16328.          838.
       -35055.       -25381.
        15922.         2420.
       -74991.       -10558.
       694949.       128552.
     -4737883.    -20284518.
       -57139.       -23579.
        45193.        18672.
       -47010.       -19291.
       -50231.       -25573.
        79526.        38465.
        -4390.        -2759.
          179.         -290.
         2257.         2441.
        -5675.         1605.
         -383.         -499.
        14438.         2427.
           48.         -127.
          -95.          -90.
         3567.         2939.
          168.        -1376.
          881.         3651.
       710403.      1552251.
        -2066.        -6128.
          515.         1156.
          165.         -550.
         -169.          -98.
          123.          360.
           28.         -231.
          -54.          565.
           27.          -60.
          -16.           10.
          589.         -831.
           31.          -10.
          -15.           81.
        -1928.          155.
           -7.          -12.
           77.           97.
         -163.         -145.
         -388.          -86.
          -57.         -117.
          204.          488.
       -94309.      -121885.
         -674.        -2129.
          409.          993.
         -200.         -352.
          108.          284.
           65.           45.
           23.           43.
            6.          -57.
           -2.          -85.
           15.           14.
          -75.          122.
           -8.           66.
            0.          -60.
          214.         -110.
           -3.           56.
           32.         -142.
           72.          225.
           -9.         -197.
           63.          320.
        12850.        17101.
        -1402.        -8264.
           73.          555.
          -39.         -116.
            6.           47.
          -40.          -31.
            5.           -7.
           11.          -11.
           -2.           30.
           -5.          -26.
          -14.           57.
           13.          -60.
            1.          -31.
           -1.           35.
            1.            9.
            2.           -6.
          -16.           30.
          -10.            3.
            2.           -5.
          -19.           -8.
        -1343.         -670.
          -22.           -1.
            4.            1.
            2.            1.
           31.           13.
            5.           -2.
            1.            0.
           12.            8.
           -2.          -14.
            2.            7.
            3.           11.
          -15.            8.
           -1.          -13.
         -221.         -209.
           -3.          -10.
           -9.          -25.
            9.           28.
          149.           28.
            6.           13.
           -5.           -3.
            1.           -8.
           11.            5.
          -14.           -5.
            1.            3.
           -6.            7.
           -5.           -8.
            2.           -3.
            2.           -5.
           -3.            1.
            8.          -41.
          -27.           43.
            3.           -6.
            1.            3.
           -1.            7.
           14.            6.
           -8.          -10.
            2.           -5.
            4.            0.
           -2.           -2.
            3.           -1.
           -1.            1.
           -4.           -3.
           -3.            0.
            1.            1.
           -1.            1.
            1.           -1.
            3.           -1.
           -2.            1.
            1.           -1.
           14.           28.
           -1.           -5.
       267033.     -4560125.
       418453.      -108741.
      -203663.       -37638.
       496230.      1666796.
       529471.       816978.
         2778.         1046.
       -41795.       -12938.
      -683819.       145878.
       154852.       -74357.
        -3176.         3415.
          718.         -443.
        -4812.        17391.
        -1311.         3289.
            9.         -152.
         -838.         5610.
           -8.           53.
           -3.           24.
           21.          -60.
           -4.            0.
            1.            0.
          -27.          -28.
          -17.           16.
            1.           -1.
           -1.            1.
     -1143555.      2030824.
   2   1
  -1946820340.      1275948.
      -146285.     -8158342.
       -84475.      -992062.
      -197129.      2260634.
        56623.      -717936.
       303069.      1471407.
        -4170.     -1462196.
      1111744.       563035.
        -6542.      -562080.
       -10748.       574918.
      -258891.     -1530306.
      1499140.     12399023.
     -2198067.    -20080528.
      1072808.     10812055.
      -246773.     -3310593.
       819127.      5628136.
       436149.      4128913.
     -1027914.     -8616249.
       168307.      1033503.
      -637121.      -676999.
       243803.       292825.
       -32777.       186061.
   1412756867.  15110844637.
        75065.      -184022.
      -701879.       980889.
       260933.      -552542.
        14963.        45230.
        15374.        96481.
        74650.        16245.
        -4528.        -1261.
       -13774.       -16839.
       -28582.        31116.
        -8792.        -7544.
       101141.       158633.
       441299.       -24650.
        84049.      -136330.
        73341.       -41187.
      -241053.      -642418.
        51342.       157731.
      -483998.     -1119627.
   -580173066.    404128414.
      -894369.     -1688587.
       652127.      1273497.
        61517.       123510.
       -23423.       -11575.
          122.        12562.
         1250.         6800.
         3499.        10589.
        -3514.        -7219.
         3641.       -33241.
        40847.        69953.
        76335.       145218.
       -17894.       -34129.
        32752.        41756.
        17198.       -94482.
        73193.        58018.
      -191039.      -204896.
      1688957.      1760169.
    -45911528.    -23038331.
      -148016.      -118156.
       112606.        90538.
      -108357.       -89688.
      -110220.       -72999.
       174948.       123594.
        -9007.        -5899.
        -1458.        -1664.
         4096.         1379.
         8440.         3856.
           45.         -239.
       -17738.        29988.
         -230.          -35.
          679.         1149.
         9502.         2439.
         -900.          145.
         4891.        -1337.
      -253854.     -4083854.
        -7433.         5137.
         2024.        -1507.
          131.          137.
         -109.          -54.
          349.          102.
         -177.          231.
          921.          -47.
         -273.           88.
          -10.          -33.
          -68.         2454.
           -5.         -161.
          221.          432.
        -4853.         -492.
           78.          367.
         -266.         -568.
          246.         1045.
           -8.          390.
          513.          759.
        -1113.        -2876.
       311258.      -204778.
         2317.         6239.
         -702.        -2311.
          190.          560.
         -108.           43.
          176.          160.
          111.         -181.
           41.          139.
           15.           92.
           16.          -27.
         -348.          183.
            6.          -64.
            5.           79.
         -300.         -570.
           26.          -90.
         -149.          173.
          -43.         -198.
          -60.          284.
          111.         -103.
        35095.         9436.
        -3517.         7796.
          342.         -539.
          -12.          133.
           58.           38.
           49.          123.
           20.           -3.
          -19.            3.
          -22.           12.
           -2.            0.
            7.           30.
          -43.          -39.
           25.           18.
          -13.            1.
           88.         -106.
            6.           -3.
          -50.          -43.
          -21.          -21.
            3.           28.
          -35.           -4.
          128.         3631.
          -33.          -37.
            2.          -20.
           -5.            4.
          -46.           63.
           12.           25.
            7.           -6.
           -6.           19.
          -17.          -19.
            2.           -1.
           -7.           36.
           52.            7.
           -7.            3.
          613.          114.
            8.            5.
           23.           15.
           -2.          -25.
         -322.          202.
           -4.            3.
           -5.            6.
            1.           11.
           19.          -10.
          -20.           29.
           13.            3.
          -10.          -19.
          -17.            7.
            1.            8.
          -11.            8.
           -1.           -3.
          -46.          131.
           14.         -165.
            0.           21.
           -6.          -18.
           -7.           -8.
          -41.          -40.
           26.           54.
            5.           -9.
            3.           -8.
            2.            3.
            5.           -5.
            3.           -5.
          -12.            1.
           -6.            3.
            1.            5.
           -1.            3.
            3.           -3.
           -5.           -7.
           -2.           -3.
            0.            0.
          -13.           62.
          -10.           -2.
     -2340904.     20308804.
       307551.      1187239.
      -178906.       317440.
      2339780.      -324202.
      1067090.     -1949960.
         9172.       -14318.
       -89443.       146206.
     -1648968.      1661934.
       347614.      -258714.
        -4732.         1346.
         2141.         1140.
       -20275.       -16937.
         4842.       -11861.
          -26.          139.
        -2139.        -5336.
           10.           30.
           -8.          -10.
          -27.           40.
           -9.           -6.
            1.            3.
            7.          124.
           50.          -69.
           -2.            4.
           -1.           -1.
     -2009011.     -4175717.
   2   2
    772944045.     -1981227.
       317098.     -1564701.
      -134075.      -253442.
     -1175000.         7662.
      -337669.      -138712.
        87183.       532171.
      -202070.      -262254.
       430224.      1177886.
        26434.       -69572.
        37193.        82446.
      -458823.      -541579.
      2531487.      3310703.
     -4208047.     -5236085.
      2309222.      2752776.
      -753785.      -853630.
      2270407.       856933.
      2103572.      1056205.
     -3629208.     -1901865.
       795381.       300860.
      -449249.      -655010.
       981974.       327493.
     -1662298.      -185370.
 -13705867614.   1415606076.
       -91139.        66197.
       -12161.      -630727.
      -159147.       230893.
      -188738.        16886.
       -28650.        14657.
       -59471.        67313.
          972.        -1124.
         3195.        -4760.
       105021.       -98073.
        39729.       -33188.
      -251284.       177131.
        96291.       329074.
       135619.        36409.
        42517.        97309.
       570178.      -259774.
       -97919.       126455.
       744993.      -806629.
   -372162954.   -522859311.
      1022661.     -1352785.
      -760605.      1006203.
       -78502.        97295.
         1817.       -27749.
       -11951.         2263.
         3934.       -13514.
        -5603.         3720.
         2711.        -2323.
        38834.         8097.
       -35023.        44465.
      -152459.        65259.
        17375.       -18673.
       -24488.        32182.
        73423.        12525.
       -34398.        70627.
       144562.      -185278.
     -1346136.      1628536.
     20288107.    -41999943.
       103994.      -139003.
       -88054.       103065.
        97799.      -101867.
       107612.      -106393.
      -164752.       163672.
         9456.       -10741.
           71.        -1631.
        -6580.         3176.
         1318.         7603.
         1317.          198.
       -26173.       -15628.
        -2195.         -384.
         -102.          662.
        -2982.         8521.
         1000.         -515.
        -4253.         2755.
      3703593.      -271308.
         6724.        -4032.
        -1536.          861.
          731.          596.
          549.         -111.
          550.         -139.
          144.         -126.
         -186.          862.
          234.          103.
           -1.          -42.
        -2247.          -58.
          -23.         -110.
         -134.          365.
          104.        -4491.
         -115.          334.
          179.         -499.
         -374.          651.
         -689.         -303.
         -237.          402.
         1417.        -2535.
       188607.       280443.
        -3761.         4162.
         1339.        -1417.
         -454.          286.
          240.           63.
           67.          100.
          -97.          -27.
         -167.           51.
          -36.            7.
           46.            7.
         -147.         -322.
           -7.          -40.
          -16.           -2.
          410.         -272.
          -28.            8.
           61.           26.
         -190.           59.
          129.         -156.
           22.          151.
       -18431.        34540.
         3933.        -5881.
         -256.          302.
            2.          -16.
            0.           -4.
           55.          -59.
            5.           12.
           -9.          -16.
          -31.           -3.
           41.           -6.
          -55.           75.
           72.          -89.
           41.          -53.
          -51.           61.
           45.          -39.
           19.          -23.
          -54.           51.
            3.          -13.
           14.           12.
            8.           20.
        -3278.          140.
          -32.           30.
            9.          -14.
           17.            0.
           51.           28.
           16.           -4.
           -8.          -12.
            6.           16.
           -9.            8.
           13.            2.
           29.            5.
            2.          -19.
            8.           -6.
         -103.          543.
            4.            9.
           14.          -14.
          -17.          -18.
         -174.         -282.
           -5.           -9.
            6.            8.
           16.           -2.
           -9.          -22.
           29.           18.
            1.          -13.
          -17.            7.
            7.           15.
            3.            0.
            5.           14.
           -2.            1.
           63.          -44.
          -52.           12.
            6.           -2.
           -8.            7.
            4.           10.
          -32.           36.
           48.          -21.
           -9.           -4.
           -6.           -5.
            0.           -2.
            3.           -4.
           -4.           -2.
           -1.           10.
            2.            5.
            4.            0.
            1.            1.
           -1.           -3.
           -7.            3.
           -2.            2.
           -1.            0.
          -57.           -9.
            0.          -10.
     -8035392.      4428644.
      -381235.      -274497.
       445443.       374649.
        22734.     -2556954.
     -1182881.     -1601200.
        -5931.        -8120.
        76279.        92041.
      1310569.      1585854.
      -322234.      -324243.
         9356.         3555.
        -4994.        -1409.
         9806.        11661.
        -6004.        -9522.
          -25.          -28.
         2519.         3783.
          110.           99.
           10.            3.
          -30.           26.
           -1.           -8.
            2.           -1.
          -36.            1.
           61.           39.
           -5.           -1.
           -1.            0.
      2647923.     -3165300.
   2   3
    407326283.     -1035704.
       154034.      -473622.
       -58358.       -87668.
      -530510.       -60934.
      -148067.       -38698.
        18372.       197599.
       -77944.       -74253.
       155660.       513935.
        19079.       -13210.
         8606.        19584.
      -166458.      -197187.
       767242.      1104102.
     -1275953.     -1732711.
       685896.       902981.
      -203773.      -283069.
       829516.       190019.
       584087.       328200.
     -1040924.      -562260.
       225296.        91772.
       -67947.      -263817.
       196054.       122490.
      -153190.       -45992.
  -6324913629.    239293253.
      -104656.        28806.
       103497.      -303797.
      -146419.       114768.
       -95245.         5939.
       -10891.         5015.
       -30078.        29706.
         2650.          -82.
         1966.        -1753.
        45669.       -44142.
        16364.       -14208.
      -107721.        72492.
        27712.       155547.
        54902.        22469.
        21659.        44659.
       259329.      -100111.
       -32302.        50681.
       289281.      -324749.
   -154881761.   -250789824.
       396251.      -551444.
      -291852.       408988.
       -30411.        39539.
          449.       -12095.
        -5114.          611.
         1120.        -6004.
        -2325.         1692.
         1095.         -813.
        17962.         4428.
       -14170.        16411.
       -74524.        27795.
         6306.        -6882.
       -10474.        13165.
        31207.         8749.
       -14371.        30081.
        61763.       -76927.
      -581305.       678054.
     10479866.    -18620020.
        46387.       -59339.
       -39219.        43775.
        44018.       -43421.
        49406.       -46185.
       -75316.        70677.
         4301.        -4789.
           -7.         -611.
        -3230.         1490.
          526.         3420.
          691.            3.
       -11437.        -8040.
        -1126.         -264.
          -86.          252.
        -1638.         3842.
          509.         -223.
        -2292.         1280.
      1705287.       -13649.
         3832.        -1938.
         -917.          448.
          385.          277.
          269.          -49.
          230.         -123.
           93.          -68.
         -139.          408.
           56.           53.
           -2.          -18.
        -1021.            7.
          -22.          -52.
          -23.          167.
          164.        -2063.
          -36.          163.
           69.         -262.
         -151.          319.
         -330.         -197.
         -125.          232.
          710.        -1461.
        78207.       133899.
        -2083.         2593.
          772.         -885.
         -298.          179.
          147.           30.
           18.           64.
          -21.          -37.
          -69.           19.
          -54.          -31.
           19.           -4.
          -66.         -144.
           -4.          -25.
           -8.            6.
          194.         -103.
           -5.           -1.
           26.           20.
          -60.           15.
           36.          -66.
           45.           46.
        -8268.        15431.
          661.        -2746.
          -56.          157.
          -15.          -24.
           -3.           16.
            9.          -26.
           27.            8.
            7.           -3.
          -16.           -5.
           23.           -5.
          -27.           35.
           34.          -41.
           16.          -29.
          -18.           36.
           12.          -17.
            6.          -14.
          -19.           33.
            0.           -7.
           12.            7.
            7.            3.
        -1504.          -31.
          -21.            3.
           -5.           -6.
           -2.           -5.
           28.           14.
            5.           -3.
           -4.           -4.
            6.            6.
           -5.            6.
            6.            0.
           15.            0.
           -4.          -13.
            4.           -1.
         -120.          281.
            1.            5.
           10.           -2.
           -7.          -11.
          -71.         -134.
            1.          -10.
            3.            4.
            8.           -2.
           -6.          -11.
           14.            8.
           -1.           -6.
           -7.            5.
            6.            6.
            1.           -3.
           -1.            7.
           -1.            3.
           31.          -54.
          -26.           42.
            2.           -3.
           -3.            5.
            4.            3.
          -13.           20.
           20.          -15.
           -5.           -1.
           -1.           -3.
           -1.           -2.
            1.           -2.
           -2.            0.
            0.            5.
            1.            2.
            1.            1.
            0.            0.
           -1.           -1.
           -3.            1.
           -1.            1.
           -1.            0.
          -29.          -11.
            1.           -5.
     -2440397.      1303521.
      -306815.      -146223.
       183709.       154921.
        42006.     -1176492.
      -458806.      -654488.
        -2360.        -3220.
        31011.        35370.
       567179.       660381.
      -146626.      -139340.
         4628.         1727.
        -2443.         -327.
         5939.         5768.
        -3226.        -5632.
            5.            1.
          386.         1720.
           38.           60.
            4.           -1.
          -13.           19.
           -1.           -4.
            2.            1.
          -18.          -29.
           27.           27.
           -2.            0.
            0.            0.
      1027186.     -1283037.
   3   1
  -1950339165.     -1528602.
        92672.      -745241.
        33499.      -276257.
      1010980.      -816552.
       304833.      -254539.
       154322.       289880.
       133154.      -225951.
       200698.      1288311.
        50319.       -50560.
       -66944.       112974.
       237920.         5737.
     -2466813.       847332.
      3960981.     -1737437.
     -2182250.      1096951.
       718649.      -408237.
     -1818090.      -243779.
     -1756602.       574574.
      2897450.      -800037.
      -442313.        48311.
       461285.      -712781.
      -628615.       143994.
      1522245.      -675724.
  14076660795.  -5670769260.
      -300746.       -45133.
      -653878.      -611107.
       183332.       215380.
       150183.       -91585.
        19779.       -43724.
        78429.        75566.
        -4031.       -27062.
         2027.         5118.
        40722.        -8421.
         1899.       -23197.
        53353.       188256.
       232130.       329376.
       -63189.        39703.
      -114103.       116383.
      -559421.       -93589.
      -146759.        69381.
       271462.      -682684.
    267115041.   -653837269.
       496405.     -1061651.
      -436716.       818333.
       -50785.        86845.
         5255.       -31069.
         2290.         3573.
        14783.       -16606.
        -4966.         1826.
         3811.        -1197.
        34894.           49.
       -45785.        36538.
       251939.        21886.
        25203.        -9702.
       -25820.        23848.
       -14972.        28678.
       -81645.        59715.
       194405.      -146415.
     -1748826.      1251783.
    -18288634.    -46361741.
       141227.       -81795.
      -119357.        76417.
       114559.       -72001.
       130137.       -81624.
      -201247.       122928.
        12217.        -7446.
         1810.          404.
        -5246.         1935.
        17567.        -1044.
          564.           39.
        29659.       -19570.
        -1399.          836.
          936.         1036.
          320.         9914.
          247.           27.
        -2566.         3781.
     -3834922.     -1433620.
         3406.        -6764.
         -720.         1455.
          220.          392.
          -81.         -108.
          229.         -310.
          -17.         -204.
          831.          371.
           39.         -355.
          -27.            0.
         1998.        -1356.
         -104.           22.
          180.          179.
          645.        -4650.
          221.          -99.
         -202.          102.
          565.         -101.
          596.          864.
          477.         -264.
        -1214.         2335.
      -337658.       161068.
         2525.        -5184.
         -949.         2137.
          178.         -605.
           81.          262.
          132.          -39.
         -115.          150.
          151.          -24.
          100.          -91.
          -21.           36.
          113.         -370.
          -48.           11.
           52.            4.
         -395.         -517.
          -20.           27.
           90.         -175.
            9.          103.
          137.         -127.
           94.          138.
       -12746.        38477.
         1201.        -4785.
          -44.          437.
           50.          -87.
           75.           -8.
          -46.          -21.
          -34.           12.
           15.          -22.
            6.          -36.
           -3.           -8.
           41.           28.
          -43.          -55.
           10.           29.
            3.          -19.
         -130.           24.
            0.            4.
          -41.          -56.
            1.          -20.
           20.           -1.
           10.          -29.
         1661.         3237.
          -41.          -14.
            8.           -4.
           12.            6.
          -88.           49.
           41.            6.
           -6.          -11.
           26.           10.
           -7.          -27.
           -1.            3.
           32.           10.
          -17.           42.
            1.            0.
         -111.         -613.
            3.          -19.
           23.            0.
          -21.           39.
          369.           97.
            2.            7.
           10.           -3.
            7.           -7.
          -18.            7.
           29.          -31.
          -17.           -2.
           -3.          -21.
           17.           -8.
            2.            7.
            5.          -12.
           -3.           -2.
           66.           84.
          -34.         -114.
            0.           13.
            7.          -12.
           11.            3.
           26.          -60.
          -42.           52.
           -8.           -6.
           -8.            3.
            0.            1.
           -2.           -8.
            0.           -7.
            8.            3.
            0.            6.
            3.            2.
            0.            2.
           -3.           -3.
            9.            2.
           -3.           -1.
            0.            0.
          -31.          -54.
           -5.           -8.
      6728244.      1708618.
       590561.      -289987.
       -73197.       354460.
     -1208048.     -2624316.
      -564567.     -1241810.
        -5273.        -4767.
        80068.        67030.
      1654847.      1215805.
      -386713.      -241720.
         8227.         2795.
        -5124.        -2706.
        14699.         9583.
         4908.         9238.
          -75.         -103.
          772.         2985.
          -16.          -24.
            5.            4.
          -36.          -70.
            8.            1.
            2.            1.
          -26.           91.
          -49.          -90.
            4.            0.
            1.            1.
      1118156.     -2540996.
   3   2
    767869239.     -3257524.
       -44726.      2133200.
       162122.       358426.
       849789.       612956.
       136942.       584602.
      -130942.      -284585.
        68483.       578193.
     -1089604.       -61710.
       -22952.       221516.
       -77279.      -205219.
      -159174.       717808.
      -463988.     -5460303.
       830226.      8950494.
      -495324.     -4918948.
       140085.      1604918.
     -1223657.     -1804778.
      -640439.     -2581086.
      1394083.      4390886.
      -142647.      -648888.
       682487.       609251.
      -218618.      -782658.
       718474.      1716648.
   5271715189.  12730086788.
        84309.      -276359.
       380176.      -602218.
       -67175.       171039.
       118334.       132343.
        26433.        23614.
       -58625.        69611.
        -9557.        16940.
         5403.         2030.
      -134487.        73057.
       -32030.        20181.
        68752.       -73087.
      -443300.       271532.
      -123540.       -16211.
       -42665.      -136186.
          467.      -468277.
       106292.      -221953.
      -142711.       654961.
    597184364.    236131642.
       -61810.      1024123.
        46909.      -841866.
       -11133.       -86353.
        14569.        10775.
         6700.        -1298.
        -8069.        16431.
        -1777.        -2251.
          479.         6069.
        -5056.        38238.
        -7050.       -68153.
       -37242.       248074.
        -3625.        38531.
        -8643.       -39999.
       -40650.         5681.
       -30561.      -106915.
        63284.       276101.
      -541144.     -2461108.
     41417495.    -16291481.
        27682.       198728.
       -36772.      -163494.
        30424.       158303.
        37630.       172293.
       -59410.      -270139.
         5086.        13388.
         1589.         2818.
         -150.        -7400.
         -357.        17684.
         -364.          898.
        17685.        26900.
         -295.        -1879.
        -1048.          917.
        -8772.          102.
         -649.          500.
         -602.        -3172.
      1268602.     -3499435.
         -698.         5237.
            0.        -1024.
         -958.          219.
         -331.          132.
           -8.         -661.
          -65.          -71.
          -78.          837.
          -46.          327.
           74.          -33.
         1205.         1853.
          105.           16.
         -437.           17.
         4490.          678.
         -444.           82.
          605.         -122.
         -888.          264.
           30.          563.
         -962.          211.
         4339.        -1821.
      -145184.      -306486.
        -9094.         5215.
         3343.        -1968.
         -886.          665.
          220.         -250.
         -210.          154.
          121.          -61.
           66.          116.
           63.           92.
           10.          -53.
          330.          109.
           51.          -27.
          -29.           59.
          409.         -254.
          -38.          -70.
          -21.           97.
         -138.          -86.
          138.          195.
         -223.         -356.
       -38687.       -17058.
         8283.         7437.
         -529.         -488.
          148.          140.
          -59.          -31.
            8.          125.
          -20.           -5.
            8.           -6.
           15.           14.
           33.          -42.
          -81.           31.
           99.          -47.
           59.          -24.
          -76.           40.
           67.          -32.
           20.          -12.
          -61.           44.
           11.           12.
          -14.           -4.
          -13.          -19.
        -2918.         1519.
          -15.           42.
            6.            0.
           11.           33.
           56.           55.
           -8.          -17.
          -11.           -1.
           -4.          -35.
          -15.           18.
            5.          -15.
           10.          -20.
           39.           -9.
          -13.           16.
          544.         -102.
            8.            2.
           26.          -10.
           -7.            4.
          -97.          321.
           -3.           10.
            2.          -12.
            2.           -9.
           -4.           14.
          -24.          -27.
           -4.           18.
          -18.            1.
           -6.          -16.
            3.            0.
          -12.           -8.
            0.            4.
           69.           97.
          -57.          -71.
            9.           11.
          -10.          -15.
           -5.          -17.
          -53.          -31.
           43.           49.
           -5.            8.
            1.            7.
            0.            1.
            1.            4.
           -7.            0.
            2.           -6.
            5.           -1.
            4.           -2.
            2.            1.
           -3.            2.
            0.           -6.
           -1.            2.
            0.            1.
           47.          -31.
            5.           -5.
      3150619.     -9883333.
        44970.      -527492.
      -163881.      -146953.
     -1414084.      1583527.
        32529.      1163709.
        -1418.         9938.
        13804.      -127447.
       540593.     -2339718.
      -114422.       526197.
          278.       -11096.
        -1011.         6544.
        -4017.       -17357.
       -18301.        -8309.
          -21.          145.
         5277.        -5084.
          143.           95.
          -19.          -28.
          -34.           -8.
           -6.            1.
           -1.            9.
          -39.           34.
           68.          -65.
            0.            3.
           -1.           -1.
      -412385.      2501837.
   3   3
    404922453.     -1781707.
       -25369.      1652667.
        74553.       258724.
       360691.       222725.
        51263.       355252.
       -60647.      -252753.
        23462.       393012.
      -495138.      -137947.
       -14990.       142464.
       -30079.      -137269.
       -90717.       450784.
       -41813.     -3450052.
        93267.      5607337.
       -61902.     -3044840.
         2554.       966194.
      -478443.     -1048131.
      -151652.     -1300015.
       403456.      2310844.
       -25900.      -308653.
       258264.       250145.
       -21199.      -204170.
       143912.       300654.
   2037500808.   5992501553.
        55784.       -40981.
       169753.      -411970.
       -24259.       188086.
        51130.        79001.
        11926.         6216.
       -28651.        31888.
        -2843.         7114.
         2305.         1650.
       -59143.        32107.
       -13156.        11854.
        21201.       -54144.
      -204581.       127015.
       -51969.         -744.
       -18894.       -73138.
        17728.      -199093.
        45885.      -128035.
       -42702.       432550.
    266655530.    125859804.
        -1010.       661331.
         1548.      -533907.
        -6600.       -53226.
         6982.         7246.
         2820.        -1530.
        -3566.         8608.
         -444.        -1698.
          217.         3240.
        -3151.        17603.
        -4285.       -35887.
       -22189.       116456.
        -1895.        19657.
        -4192.       -21089.
       -17295.         3952.
       -13092.       -53823.
        27500.       138450.
      -231163.     -1221190.
     19517513.     -6168380.
        11164.        95936.
       -15159.       -78761.
        12141.        75674.
        14732.        80943.
       -23444.      -127300.
         2014.         6215.
          764.         1174.
           74.        -3393.
         -546.         8170.
         -185.          496.
         7363.        12939.
         -174.         -763.
         -561.          385.
        -4001.         -224.
         -338.          211.
          -82.        -1631.
       685605.     -1566532.
         -575.         2964.
           78.         -613.
         -456.          134.
         -148.           83.
          -66.         -311.
          -31.            3.
          -69.          350.
          -47.          114.
           36.          -23.
          585.          838.
           47.           -4.
         -177.           46.
         2029.          409.
         -189.           81.
          241.         -102.
         -379.          182.
          -52.          186.
         -384.          151.
         1661.        -1086.
       -57752.      -144871.
        -3384.         2599.
         1271.         -920.
         -358.          258.
           95.          -81.
          -85.           65.
           36.           -1.
           28.           65.
          -17.           25.
           -3.          -25.
          154.           48.
           20.           -5.
           -5.           16.
          203.         -103.
          -21.          -12.
          -10.           18.
          -73.           31.
           65.           22.
         -117.          -84.
       -17016.        -6042.
         3342.          471.
         -185.          -40.
           42.           28.
           -1.            1.
            6.           44.
           -4.           22.
            9.            7.
            3.            7.
           14.          -18.
          -40.           14.
           46.          -23.
           27.          -16.
          -33.           24.
           38.          -18.
            8.           -8.
          -24.           29.
            5.            6.
           -8.            2.
          -14.           -7.
        -1381.          612.
          -13.           11.
           12.           -6.
           17.            4.
           20.           32.
            0.          -13.
           -7.            3.
           -6.          -12.
           -5.            5.
            1.           -7.
            3.          -13.
           19.           -5.
           -4.            2.
          305.           12.
            6.            0.
           13.           -3.
           -8.            8.
          -53.          143.
           -8.            6.
            0.           -6.
            1.           -5.
           -4.            8.
          -11.          -13.
           -1.            9.
           -9.            3.
           -6.           -7.
            1.           -3.
           -3.           -5.
            2.            3.
            8.           14.
           -2.            1.
            2.            1.
           -4.           -4.
           -3.           -5.
          -27.          -11.
           23.           19.
           -2.            5.
           -1.            3.
            0.           -1.
            1.            2.
           -3.            0.
            0.           -3.
            2.            0.
            2.            0.
            1.            0.
           -1.            2.
            0.           -3.
            0.            1.
            0.            0.
           28.          -11.
            3.           -2.
       958028.     -5387629.
        25128.      -448298.
       -56680.      -112576.
      -683072.       956775.
       -15935.       752928.
         -695.         5585.
         7477.       -67745.
       228957.     -1159038.
       -45577.       248970.
          -87.        -5118.
         -415.         2581.
        -2808.        -8965.
        -6936.        -4543.
          -20.           30.
         2180.         -352.
           60.           56.
           -4.           -3.
          -25.          -11.
           -3.            0.
           -1.            4.
            1.          -10.
           33.          -26.
            0.            2.
           -1.            0.
      -111662.      1632575.
   4   1
  -1953839156.     -4990594.
       406003.      8872251.
        28258.      1453270.
     -1287543.      -843830.
      -296823.       966949.
       689279.     -1638971.
      -460867.      1677068.
      -902334.      -717856.
      -139759.       444633.
       147363.      -485682.
      -140065.      1909214.
      1629786.    -14407139.
     -2996843.     23012527.
      1800102.    -12302368.
      -663674.      3807927.
      1926238.     -4552802.
      1666129.     -4624239.
     -3073442.      9120390.
       663613.     -1295444.
       158272.       751458.
       639023.      -780008.
     -1144559.       -61089.
  -9456125779. -11870505667.
       278247.       275072.
       398782.     -1649290.
       -71836.       944548.
      -233727.       140715.
         4051.       -42500.
        81701.        63584.
        -3109.       -11120.
         4714.       -15407.
       -43391.        -3153.
        -7211.        21191.
        54153.       -37478.
      -263450.       496563.
        71598.       -51278.
        58971.       -82148.
      -219640.       686972.
      -188669.      -531236.
       115877.      2153735.
    132485369.    692618846.
       -31405.      2827734.
        -9033.     -2145047.
       -16197.      -210338.
        15371.        36476.
        -1544.       -15181.
       -14500.        11804.
          388.        -6515.
         -619.         7847.
         2815.        33230.
        19988.       -93901.
       167198.       -63369.
       -15121.        53787.
          670.       -49810.
        44246.         5711.
        43511.       -92092.
       -57600.       298189.
       478403.     -2616765.
     13993214.    -45048689.
       -24553.       217182.
        26724.      -162247.
       -18867.       156858.
       -17856.       160672.
        25765.      -254768.
          134.        14057.
         -635.          414.
         1221.        -6071.
        11255.         1876.
         -122.          441.
       -35502.         5882.
         1529.        -1772.
          -62.         1183.
        -9775.         1975.
          200.        -2735.
        -4311.         1898.
     -2884005.      2914585.
         7201.         -508.
        -2182.           -7.
         -163.         -128.
           86.          323.
         -356.         -293.
          -69.         -200.
          848.          501.
          434.         -111.
          -40.          -16.
        -2202.         -817.
          -93.           41.
            3.          145.
         4343.         1460.
          219.           36.
         -346.         -135.
          372.          118.
          863.          113.
           39.          626.
          378.        -1576.
       356140.      -114304.
        -1021.         3964.
          646.        -1716.
         -202.          554.
          149.         -349.
           31.          155.
           13.         -129.
          -76.         -165.
          -65.         -104.
           26.           18.
          211.          278.
           37.           28.
          -24.          -54.
         -465.         -419.
           69.           48.
           -8.          -47.
           68.          133.
         -143.         -238.
          183.           33.
       -30580.         -954.
        -5359.        -5840.
          244.          449.
          -74.         -120.
          -18.          -58.
           50.         -117.
           22.            8.
            4.          -10.
           11.           55.
          -12.          -19.
            3.           35.
          -15.          -69.
          -11.           30.
            9.          -24.
           75.           71.
           -3.           14.
          -35.          -64.
           -3.           13.
           -5.           10.
          -20.           29.
         2879.         2226.
          -39.            6.
            6.            8.
           -1.            3.
          -88.           45.
           26.          -27.
          -12.           -1.
           20.           11.
           -8.           11.
            2.            4.
           20.          -31.
          -37.           -8.
            2.          -15.
         -538.          326.
          -12.           -5.
          -32.            6.
           34.           21.
         -165.         -349.
            0.           -4.
           -7.           -4.
          -14.           10.
            0.           -4.
          -26.           23.
            8.            6.
            0.          -19.
          -17.            8.
            2.            6.
           -1.           13.
           -5.           -1.
           19.           26.
          -24.           13.
           -1.           -3.
            1.            8.
           13.           -4.
           46.            7.
          -33.          -23.
           -3.            9.
            5.            8.
           -2.            0.
            3.           -2.
            2.           -3.
           -5.           -3.
            4.           -2.
            5.           -1.
            2.           -2.
           -3.            3.
           -8.            1.
           -2.            3.
            0.           -1.
           61.           20.
           -5.           -9.
     -6641423.    -20886110.
      -631021.     -1758669.
        72803.       -89875.
      -419113.      4668436.
        48115.      3276734.
          988.        18020.
       -41925.      -189965.
      -456464.     -2459727.
        58283.       498790.
        -1258.        -8431.
         2664.         6203.
        22991.         6897.
        -1242.        -6861.
          176.         -120.
        -3936.         3921.
          -24.          -66.
            1.           36.
           70.          -25.
           -9.           -1.
            3.           -3.
          -28.          -12.
          -61.           26.
           -1.           -2.
            0.            2.
       125080.      7344284.
   4   2
    762784427.     -4920483.
      -592605.      6025334.
      -289091.       804446.
      -149686.     -1808970.
        83207.       462593.
       134962.      -431177.
       -86827.       719941.
      -219230.     -1499479.
        35534.       236664.
        -6108.      -278477.
      -291436.      1223497.
      1835760.     -8210049.
     -2870594.     13085341.
      1521218.     -6887729.
      -388119.      2019663.
      1374502.     -3528381.
       737179.     -2425248.
     -1722680.      4898357.
       254869.      -510225.
       -70831.       828896.
        64628.      -169373.
       840987.      -236914.
  10693781146.  -8689067627.
      -175104.       423036.
      1295936.      -176082.
      -696623.       339561.
      -113006.      -133721.
        37015.       -30186.
       -60899.        93893.
        -3115.        13728.
         3627.         8323.
       147231.       -44775.
        42725.         5681.
      -263759.       -72103.
      -258366.      -175483.
       164758.       119929.
       -16991.         1804.
      -508430.      -124123.
       228371.      -339520.
      -811133.       917368.
   -629112114.    125857421.
     -1008127.      1235167.
       742576.      -986247.
        77155.      -109859.
       -21083.        29693.
         5869.        -6180.
         7419.         3554.
        11716.         -718.
        -4599.         1369.
       -37651.        -3453.
        62426.       -17386.
        76101.       177005.
       -38470.         1754.
        35674.       -13780.
         3881.        54071.
        73138.        18606.
      -248985.        -2813.
      2271318.       101178.
     41156535.     12554529.
      -203354.       -13479.
       158861.        27679.
      -156368.       -25619.
      -170664.       -45805.
       266905.        67399.
       -13485.        -5014.
        -3191.        -1972.
         7732.         5823.
        -3669.         5501.
         -758.        -1100.
        -5745.       -33164.
         2159.         3490.
        -1169.         -920.
        -1883.        -8155.
         2393.        -1376.
        -3094.         1755.
     -2678254.     -2587875.
         4747.        -4430.
        -1173.         1240.
          695.        -1173.
           29.         -471.
         -824.          302.
          530.         -334.
         -802.         1066.
          -59.          117.
          -73.           25.
          826.        -2044.
         -162.          -47.
          219.          -86.
        -1870.         3999.
          659.           24.
         -936.         -174.
         1252.          406.
        -1465.          885.
         1205.          -36.
        -6403.          199.
       100620.       322291.
        15531.         -538.
        -5870.          -14.
         1675.           58.
         -789.          -22.
           62.          -10.
         -126.           87.
          113.          -55.
          124.          -84.
          -17.           -5.
         -242.          181.
         -102.           57.
           80.          -48.
          431.         -335.
          -97.           92.
          185.         -243.
         -155.          186.
          245.         -257.
         -363.          298.
        -1683.       -22607.
         7731.       -10570.
         -517.          787.
          141.         -151.
          -29.           66.
          -21.          -52.
          -25.           -6.
           14.          -18.
          -62.            4.
           27.           10.
         -101.           17.
          113.          -13.
           60.           11.
          -77.          -23.
          -34.          -26.
           28.           11.
          -67.           26.
          -14.           17.
          -11.          -33.
           36.           52.
        -2006.         2609.
           10.           58.
           -8.            2.
          -28.           -4.
           49.           78.
          -29.          -20.
           -4.           18.
           11.          -14.
            8.            1.
          -10.           -6.
          -23.          -20.
           -5.           36.
            2.           -3.
         -284.         -468.
           -2.           -9.
           15.            8.
            3.           21.
          311.         -151.
            2.            3.
           -5.            1.
           10.           16.
          -11.            2.
           23.           24.
            6.           -8.
          -18.            1.
            7.           14.
            2.           -4.
           15.            3.
            1.            1.
          -49.          -45.
           13.           49.
            0.           -5.
            6.            5.
            2.           -8.
           -4.          -30.
           -4.           14.
            7.            3.
            8.           -2.
            1.           -1.
            6.            0.
           -3.           -3.
           -3.            4.
           -2.           -4.
            1.           -6.
            0.           -3.
            1.            4.
            3.            6.
            2.            3.
            0.           -1.
          -15.           56.
            7.           -3.
     -3941762.    -12156718.
     -1305782.      -281357.
       542853.      -308239.
      2774535.      1384722.
      1197291.      1423688.
        10963.         4436.
      -128345.       -25104.
     -2163298.       134794.
       517234.      -123500.
       -10805.         8442.
         7201.        -7981.
        13748.         4499.
        29153.          340.
         -180.         -228.
         5331.         7403.
          125.          -56.
            2.            7.
            2.          -39.
            1.           -6.
            2.           -4.
           -1.          -36.
            9.          -28.
            4.            1.
           -1.            2.
     -2566096.      3174942.
   4   3
    402512219.     -2180814.
      -292710.      2447077.
      -136776.       318086.
       -33006.      -791729.
        40623.       179941.
        52972.      -143132.
       -39731.       275329.
       -65724.      -655817.
        14239.        93462.
          984.      -112040.
      -159959.       503371.
      1089689.     -3343552.
     -1728621.      5345171.
       933981.     -2819985.
      -268598.       829172.
       798048.     -1569026.
       612110.     -1101396.
     -1239880.      2187800.
       213375.      -253833.
      -134751.       400581.
       225439.      -164954.
      -111461.       179399.
   5160134372.  -3665932507.
       -28906.       147122.
       490746.        16277.
      -249344.        84906.
       -36652.       -70788.
        13225.       -10527.
       -28233.        39227.
        -1597.         6943.
         1936.         4305.
        64751.       -20280.
        18923.         1875.
      -121188.       -31404.
      -115072.       -93219.
        73601.        55908.
        -9286.         4159.
      -224509.       -75693.
       107050.      -139074.
      -363376.       352089.
   -292145307.     39081064.
      -444364.       478165.
       327436.      -384820.
        34484.       -43916.
        -9739.        12519.
         2756.        -2264.
         3500.         1103.
         5244.         -438.
        -1975.          410.
       -17557.        -2367.
        27796.        -4740.
        30994.        82698.
       -16595.         -865.
        15860.        -5468.
         1121.        25036.
        31111.        10163.
      -109299.        -6498.
      1000174.        90343.
     18525763.      6995136.
       -90653.       -10289.
        70554.        15318.
       -69705.       -14256.
       -76626.       -23808.
       119737.        35175.
        -6129.        -2647.
        -1525.         -817.
         3552.         2871.
        -1902.         2514.
         -392.         -622.
        -1712.       -15512.
          908.         1665.
         -583.         -408.
         -564.        -3801.
         1070.         -533.
        -1131.          778.
     -1150564.     -1265442.
         1542.        -2199.
         -343.          606.
          276.         -542.
           -6.         -228.
         -356.          205.
          227.         -151.
         -384.          483.
            6.           17.
          -30.           14.
          349.         -967.
          -57.          -25.
           72.          -14.
         -948.         1797.
          262.           15.
         -360.          -91.
          507.          206.
         -643.          380.
          490.           -7.
        -2662.          -96.
        36731.       150686.
         6564.          254.
        -2516.         -185.
          711.           46.
         -327.          -12.
           25.           11.
          -52.            5.
           62.          -29.
           14.          -19.
          -17.           -5.
         -108.           85.
          -57.           25.
           47.          -19.
          218.         -143.
          -60.           35.
          104.         -108.
         -118.           66.
          159.          -97.
         -237.          137.
        -1890.       -10514.
         5805.        -4506.
         -378.          334.
           97.          -55.
          -36.           14.
           -4.          -36.
          -25.           19.
           -1.            0.
          -26.           -1.
           15.            8.
          -48.            7.
           53.           -6.
           30.            1.
          -37.           -4.
          -21.          -18.
           12.            2.
          -28.           21.
           -7.            7.
           -1.          -17.
           20.           19.
         -995.         1137.
           -5.           24.
           -1.           13.
          -13.           15.
           23.           25.
          -13.           -3.
           -1.            5.
            2.          -12.
            6.            5.
           -5.           -3.
          -13.           -6.
            0.           15.
            4.            4.
          -97.         -288.
            1.           -2.
            7.            9.
           -7.            3.
          149.          -58.
            4.            4.
           -1.            2.
            7.            8.
           -6.            3.
           12.           10.
            1.           -4.
           -9.            2.
            6.            6.
            0.           -4.
            5.            4.
            3.            1.
          -63.          -16.
           50.           17.
           -4.            0.
            5.            0.
            1.           -7.
           -3.          -17.
            0.           11.
            4.            0.
            4.            0.
            2.           -1.
            3.            0.
           -1.           -1.
           -1.            3.
           -1.           -2.
            1.           -2.
            0.           -1.
            1.            1.
            1.            3.
            1.            1.
            0.           -1.
          -14.           27.
            5.           -1.
     -2703618.     -5344203.
      -457648.        -1591.
       244899.      -135366.
      1304022.       496442.
       528005.       551833.
         4754.         1574.
       -56293.        -5990.
      -954804.       103035.
       231527.       -64730.
        -4990.         4203.
         3115.        -3575.
         4893.         1943.
        12266.         -705.
         -115.          -84.
         3964.         3163.
           59.          -11.
            6.           -9.
          -11.           -4.
            0.           -4.
            1.            0.
           33.          -14.
            4.          -17.
            2.            0.
            0.            1.
     -1136991.      1221015.
   5   1
  -1957059800.      1812779.
      -709214.     -8813493.
      -141754.     -1403833.
       782469.      1540247.
       226265.      -617433.
       200927.       757293.
      -140052.     -1167996.
      -189856.      -350272.
        71898.      -357908.
        43257.       376104.
       185569.     -1252140.
       130112.     10332733.
      -730023.    -16360901.
       705432.      8704544.
      -427842.     -2688594.
      -204277.      3071528.
      1245189.      2917817.
     -1502219.     -5646737.
       425045.       762130.
      -237857.       198943.
       365605.      -121960.
      -937224.       464628.
  -8673475957.  12453801299.
      -209707.      -217102.
       985593.        71041.
      -530848.       -28369.
        27640.       117811.
        94285.         8877.
        33264.         9023.
        14240.        11261.
         -985.          432.
        34425.        25179.
        15583.       -36487.
       -20723.       314483.
      -440425.      -143008.
       -84384.       -19989.
        22796.       206268.
       465422.        27699.
      -543620.       362226.
      1428180.     -1686654.
   -491319626.   -508702827.
      1071595.     -2521296.
      -823205.      1997482.
       -69779.       176891.
        -6353.       -20199.
        -6539.        17500.
        10434.        -7450.
         3602.         9888.
           24.        -8299.
       -35524.         5928.
        -8159.        88511.
        27781.      -287674.
        -3333.       -56601.
        -5241.        49142.
       -38695.        -1578.
         4750.        59497.
       -23123.      -243606.
       281211.      2182031.
     41498379.    -28495388.
       -21011.      -160538.
        31266.       124726.
       -43669.      -119463.
       -68153.      -104564.
        99234.       172767.
        -6091.        -8294.
         -745.          236.
         7194.         1940.
         4339.        -8962.
        -1535.          182.
        31444.         9603.
         4842.         1145.
        -1506.        -1146.
        -3931.        -6415.
         3868.         3290.
        -2664.        -7821.
      1487006.      3820304.
        -2058.        14319.
         1046.        -3252.
           19.          465.
          -69.           84.
          -60.          156.
         -421.           98.
         1090.          466.
          182.          419.
           29.          -43.
          592.         2304.
          178.         -133.
         -539.          219.
        -1798.         3991.
         -330.          247.
          396.         -129.
         -154.          159.
         1113.         -514.
        -1105.          834.
         3823.        -1941.
      -366492.        63360.
        -6716.         3550.
         1982.        -1143.
         -352.          374.
          -79.         -374.
          -81.          -27.
           90.          154.
         -130.          118.
         -125.           24.
           45.          -10.
         -369.           -9.
           -6.           30.
           17.          -21.
         -471.         -327.
           -3.          -33.
          -83.           97.
           36.          107.
          -42.          -40.
         -201.          -56.
        -1441.       -37008.
         2542.          949.
         -224.         -137.
          -16.           11.
          -96.           55.
           -5.           62.
           19.           26.
            3.            4.
           -8.          -43.
           -1.          -11.
            2.           63.
            6.          -75.
          -27.           17.
           31.           -1.
          -17.          -57.
           -1.            2.
          -34.          -57.
          -20.          -11.
           28.          -13.
          -10.          -28.
         3571.          799.
          -45.           15.
           -5.            3.
          -12.           17.
          -80.           10.
            4.          -13.
          -20.           -5.
          -17.          -18.
           -9.           16.
            4.           -4.
          -21.          -23.
           12.          -40.
            3.           14.
          494.          386.
           12.           15.
           -4.           20.
          -30.          -44.
         -143.          362.
           -7.           -1.
            2.           10.
            5.            5.
          -16.           10.
           33.          -14.
           -3.          -15.
            5.          -21.
           19.           -9.
            3.            5.
           -8.          -11.
           -3.            4.
            1.          -34.
          -38.           12.
            3.            2.
           -6.           -6.
            1.          -10.
          -14.            3.
           34.           27.
            9.            3.
            3.           -7.
           -3.            0.
            5.           -5.
            6.           -3.
            3.            2.
           -6.           -3.
            4.           -1.
            3.           -1.
            3.            3.
            6.           -4.
            0.            3.
           -1.           -1.
          -58.           25.
            0.           -9.
     -3038198.     13600618.
      -753958.       144721.
       167723.       539597.
      -601371.     -3628662.
     -1128819.     -2871139.
        -2265.       -15979.
        11030.       170237.
      -295733.      2110511.
       180533.      -354995.
       -10222.         2752.
        10519.        -3441.
          194.       -23696.
       -14581.        -7570.
          -15.           82.
         1732.         -441.
          -21.           15.
            3.          -29.
          -43.           80.
           -3.           -1.
            5.            3.
          -42.          -11.
           34.          -30.
            0.            0.
            1.           -1.
      3896715.     -6297242.
   5   2
    757405602.     -1260045.
       605582.     -3530439.
       400391.      -578615.
      -590502.      1045635.
      -283565.      -150377.
       498266.       663441.
      -180744.      -610434.
      1072052.        96500.
       -86601.      -104370.
        74701.       217786.
      -120873.      -304702.
      1599893.      4084908.
     -2424233.     -6773542.
      1251333.      3759031.
      -474587.     -1162971.
       174474.      2828691.
       651374.      2422772.
     -1193306.     -4437419.
       218763.       824273.
      -754957.      -446680.
       696723.       618076.
     -1084785.     -1255973.
 -11381330252.  -7765534446.
       114388.      -206135.
       149435.       959429.
      -141097.      -530074.
      -115518.        22780.
       -13524.        85449.
          826.        39573.
       -23391.        34548.
         3885.         -908.
      -159551.         -198.
       -34300.        -5091.
        64173.        58865.
       -81609.      -448603.
      -123281.      -119584.
       -73078.        61224.
      -169296.       371564.
        -9829.      -372497.
        58919.       718826.
    459129321.   -450323556.
       239531.        51443.
      -232407.       -36245.
       -22953.         9373.
        -5533.       -16557.
        -8132.        -1780.
        -4552.       -10945.
        -1467.        -5180.
         2773.        -1598.
         1558.       -38126.
       -29496.        20188.
       222277.         3496.
        25392.       -19035.
       -19585.        11930.
       -24253.       -53230.
       -16320.        35654.
       125746.      -112163.
     -1300410.      1025620.
     25691475.     36784010.
       116325.       -75605.
      -101147.        67242.
       110356.       -78387.
       133293.       -92632.
      -198402.       139362.
        13103.        -8960.
         3097.          -26.
        -7989.         5678.
        13397.         4030.
         1171.         -979.
        -7095.        29239.
        -3890.         3216.
         1942.        -1029.
         4549.        -4313.
         -642.         4345.
         -958.        -7684.
     -3465243.      1382360.
         5995.        10443.
         -966.        -2008.
         1020.         1072.
          386.          671.
           14.          489.
          329.          154.
         -758.          594.
         -147.          -13.
          -33.          -43.
        -2092.          567.
          -80.         -164.
          124.           69.
        -3956.        -2301.
          135.          393.
         -221.         -553.
          407.          798.
          150.          127.
         -414.          330.
         1691.        -1401.
       -61471.      -334801.
        -2360.         2936.
          678.         -691.
          -35.          178.
         -374.          143.
         -300.          -50.
           99.          -96.
          -89.         -133.
          -46.         -124.
           15.            5.
            1.         -345.
           36.          -21.
           -4.           -5.
          405.         -437.
            7.           38.
           28.           -8.
          -80.          219.
            9.         -205.
          -68.          352.
        31840.         7563.
         1087.        -7749.
         -150.          545.
          -12.         -166.
           43.           50.
          112.          -54.
            5.            3.
           26.           -9.
           30.          -15.
           44.           15.
          -59.          -29.
           91.           33.
           51.           38.
          -80.          -48.
           70.          130.
           33.           16.
          -77.           13.
            8.            4.
          -14.          -23.
          -13.            6.
         -703.         3221.
           26.           46.
            1.          -11.
            3.          -13.
           30.           95.
          -22.          -13.
            7.           28.
           -7.           16.
            3.            2.
           -7.            9.
          -24.           11.
          -43.           19.
            4.          -31.
         -334.          439.
           -3.           -5.
          -13.           -1.
            8.           39.
         -315.         -150.
           -2.            7.
            5.           -3.
            1.            1.
           15.           16.
          -15.          -27.
          -14.            1.
          -17.           -3.
           -7.          -16.
            2.           -5.
          -14.            5.
            2.            0.
           -5.          -72.
           28.           48.
           -3.           -6.
           -3.            9.
          -13.            5.
            9.           17.
           10.          -35.
            2.           -7.
           -6.           -4.
            0.            1.
            1.            0.
           -3.           -7.
            1.           -2.
           -3.            6.
           -1.           -5.
           -1.           -4.
            4.           -1.
           -5.           -7.
            4.            1.
           -1.            1.
          -25.          -50.
            8.            1.
     -2264462.     10158308.
      -153861.       768360.
      -242820.        66082.
     -1420207.      -158189.
      -280401.       -58792.
        -3575.        -2219.
        53536.        45570.
      1323731.       993081.
      -380606.      -267119.
        12036.         7774.
       -10637.        -6755.
        16700.       -25191.
        -5881.        -5401.
          101.          -84.
          961.         5291.
          174.         -115.
           -3.           49.
           18.          -51.
            1.            0.
           -2.            1.
           28.          -30.
           -2.           36.
           -1.            3.
            0.            2.
       370465.      1354160.
   5   3
    399955567.      -631754.
       299274.     -1608146.
       188365.      -255799.
      -284659.       461562.
      -133637.       -83134.
       220359.       327306.
       -76293.      -292933.
       487347.        81804.
       -39681.       -52239.
        29920.       102838.
       -47568.      -146052.
       612575.      1880484.
      -883121.     -3101550.
       428082.      1705487.
      -152670.      -511390.
       -34462.      1298671.
        68130.       980211.
      -179503.     -1853450.
        18548.       319811.
      -259582.      -156089.
       142892.       155379.
       -44463.      -212721.
  -4988053354.  -3896593434.
         6944.      -140020.
       131528.       529105.
      -112298.      -311004.
       -62044.        -3717.
        -5549.        43100.
        -1988.        15164.
       -10509.        16051.
         1143.         -557.
       -70056.          122.
       -15978.        -2102.
        31356.        23797.
       -28637.      -206354.
       -56946.       -58337.
       -31441.        25486.
       -92291.       162961.
        18086.      -169499.
       -53419.       322724.
    223838945.   -192851053.
         8560.        15040.
       -28230.       -11062.
        -3139.         5000.
        -3148.        -7732.
        -3323.         -964.
        -2591.        -4774.
         -578.        -2324.
          999.         -804.
         1671.       -17749.
        -9115.         8808.
        98570.         7775.
        10251.        -8575.
        -6668.         5501.
       -12204.       -25694.
        -3819.        17200.
        47913.       -51350.
      -518372.       463513.
     10596468.     17593063.
        47419.       -34027.
       -42779.        29912.
        47816.       -34779.
        60010.       -40948.
       -88667.        61635.
         5963.        -4069.
         1520.         -102.
        -3947.         2499.
         6234.         2174.
          680.         -385.
        -4022.        13193.
        -1913.         1583.
          941.         -401.
         2153.        -1804.
         -381.         1924.
         -537.        -3315.
     -1629610.       531641.
         3194.         4231.
         -587.         -789.
          488.          442.
          185.          287.
           58.          230.
          174.           45.
         -395.          287.
          -20.           13.
          -17.          -12.
         -979.          296.
          -47.          -57.
           57.           12.
        -1777.        -1123.
           70.          118.
         -125.         -166.
          192.          240.
           39.          181.
         -163.          -41.
          734.          191.
       -18311.      -154629.
        -1031.         -626.
          323.          420.
          -21.         -156.
         -140.          145.
         -134.          -49.
           46.           -6.
          -34.          -63.
          -50.          -30.
           -1.           10.
            4.         -165.
            9.           -4.
            5.          -13.
          203.         -198.
          -11.           27.
           52.          -25.
          -97.          129.
           65.         -121.
          -93.          207.
        12000.         5578.
         3308.        -4795.
         -272.          354.
           43.          -95.
           -4.           47.
           65.          -22.
          -24.           -1.
            2.           -4.
           15.           -7.
           19.            3.
          -26.          -13.
           43.           14.
           28.           16.
          -41.          -21.
           39.           63.
           16.            6.
          -33.           14.
            4.            2.
           -6.           -8.
          -14.            8.
         -415.         1456.
            1.           21.
           -8.          -11.
          -13.          -12.
           23.           47.
          -15.           -8.
            6.           13.
            0.            9.
            0.            0.
           -3.            5.
          -11.            8.
          -23.           13.
            2.          -15.
         -233.          195.
           -2.           -3.
           -9.           -5.
            3.           19.
         -140.          -79.
           -1.           -3.
            3.           -2.
            2.            0.
            8.            7.
           -7.          -12.
           -6.            2.
           -9.            0.
           -6.           -7.
           -1.           -5.
           -6.           -1.
            3.           -2.
          -39.          -13.
           53.            1.
           -6.           -1.
            2.            3.
           -4.            4.
            8.            6.
           -2.          -13.
           -1.           -5.
           -1.           -4.
            1.            1.
            0.            1.
           -2.           -3.
            0.           -1.
           -1.            3.
            1.           -2.
           -1.           -2.
            2.           -1.
           -2.           -3.
            2.            0.
           -1.            0.
           -8.          -30.
            4.            1.
      -331103.      4361814.
      -168839.       483517.
      -123041.        30666.
      -613740.       -59528.
       -13279.       -36602.
        -1005.        -1183.
        16958.        20985.
       534151.       448676.
      -168717.      -118108.
         5988.         3396.
        -5012.        -3356.
         8669.       -10679.
        -2563.         1162.
           11.          -62.
         2294.         3260.
           86.          -48.
           -2.           24.
           12.          -28.
            0.            0.
           -1.            0.
           44.            2.
           -9.           11.
            1.            1.
            0.            1.
      -100362.       597244.
