SERIES96.nep 2396758.5  91400.  2  2  1
  80
  0.0001053714212290
  0.0001742192068728
  0.0002610532936948
  0.0003039314838767
  0.0003624168837791
  0.0004659859265374
  0.0005952080884637
  0.0006182648740100
  0.0006882969585676
  0.0007346591190200
  0.0008115757500061
  0.0009098870909509
  0.0009280418282900
  0.0009761711230599
  0.0010805579762379
  0.0011726376881236
  0.0011927299958046
  0.0013450102984369
  0.0014500642988917
  0.0015186535815979
  0.0016414262975308
  0.0016722934621322
  0.0017370694260029
  0.0017529676817011
  0.0017713747028255
  0.0018287217290336
  0.0019197048476409
  0.0020030917046430
  0.0020675046654388
  0.0021770683065931
  0.0022660621383440
  0.0023316065475169
  0.0024765396719028
  0.0025851611124411
  0.0026643630051172
  0.0027630901055080
  0.0028162485976890
  0.0028619168571878
  0.0029002850332696
  0.0029936263844613
  0.0031832017141019
  0.0032259174737699
  0.0034383209657445
  0.0034649119026692
  0.0036928778192096
  0.0037778464317684
  0.0039281231652577
  0.0039900290130113
  0.0040468590422278
  0.0041182666341176
  0.0043501261658518
  0.0043746994367723
  0.0044015211391457
  0.0045726947909837
  0.0046459272385227
  0.0047063882125040
  0.0047379034246235
  0.0049109177125085
  0.0049495555315653
  0.0052734476466814
  0.0053864381369056
  0.0055017879052852
  0.0057357997534091
  0.0058003658892812
  0.0060790890633543
  0.0060999708514922
  0.0066232142105739
  0.0072028169288688
  0.0072501874346893
  0.0091460929533290
  0.0169678550916727
  0.0172021238960825
  0.0174363947352421
  0.0174762719739593
  0.0182919838878131
  0.0279624517098684
  0.0344040944567136
  0.0559249008042865
  0.0714247809235121
  0.1428494855311538
  18
  0.0002610532936948
  0.0003624168837791
  0.0006182648740100
  0.0014500642988917
  0.0029002850332696
  0.0032259174737699
  0.0034649119026692
  0.0043501261658518
  0.0058003658892812
  0.0060790890633543
  0.0072501874346893
  0.0091460929533290
  0.0169678550916727
  0.0174363947352421
  0.0182919838878131
  0.0559249008042865
  0.0714247809235121
  0.1428494855311538
   4
  0.0014500642988917
  0.0058003658892812
  0.0091460929533290
  0.0714247809235121
********************
   1   1
  -4639110970.  29845675417.
   7235216326. -39983376589.
 -98527270512. 274984744244.
     29762712.    -10373482.
  -2708362026.   1983794100.
   4318845529.  -4374189008.
  -1370559913.    979133641.
   -122136377.    -22592110.
   1068524420.    683872279.
   -916339971.   -583272125.
   -182580266.   -171646201.
     70317289.     73870577.
    -16767225.    -20096145.
     29293357.     40823540.
    -29856945.    -42312776.
      5953769.      8794252.
      -988344.     -1598659.
      1332122.      2198694.
     -1394659.     -2375636.
       554038.       945525.
     47239800.     -4109594.
      2234487.      4506170.
     -2260866.     -4848470.
      3461962.      7565327.
    -11120712.    -25400117.
     15461236.     35787636.
     -6192544.    -14535490.
       309562.       775939.
       -22567.       -66587.
         7386.        19577.
        -2255.        -8419.
          -46.         2708.
          307.        -4329.
          122.        -5538.
        -1222.          407.
        26707.        14955.
         3398.         1117.
        -5397.        -3694.
        13096.         3909.
       -31630.       -16031.
      1175083.       338279.
         1019.          887.
        -9339.        -6241.
          386.           -2.
        -1313.         -995.
         1579.          292.
          -12.          -33.
          426.         -346.
          717.        -2212.
         -138.         -139.
         1320.          238.
         -332.           29.
        40469.        28354.
        -4311.        -7988.
         1258.         2296.
            6.           61.
         -654.         -813.
          275.          395.
         -141.         -223.
           63.          -11.
          -27.            8.
         -219.           55.
            8.         -106.
           34.          -42.
           79.           97.
         1247.         1315.
           30.          137.
          -69.         -214.
          -15.            7.
         -108.          -55.
           97.          101.
          323.         4874.
          -11.           -8.
       -24803.       -17558.
           52.           12.
          -81.          -16.
         -185.          115.
        16117.        -7252.
         -248.           19.
           -8.            5.
         -516.         -341.
          -57.           33.
   4355795971.   8185539297.
  -2262594667.   -979028035.
  -1278419385.    945867650.
      3250132.     -6925901.
        34463.       -20154.
         1411.         -336.
         1296.        -1053.
        -2454.         4338.
         -182.          168.
         -156.          262.
          184.         -129.
          -69.           26.
           30.           12.
         -121.           14.
           38.          -12.
          -21.           36.
           36.          -10.
           11.           -8.
      8378731.     16323244.
           15.           74.
           33.           81.
          -30.          -21.
   1   2
  -7434467572.  -9614503317.
  18424093409.  12789099798.
-259450683536. -87426663564.
   1010626822.   -317285640.
  -6406940067.   -912972345.
  11248944083.   1467452168.
  -3444413872.   -382243331.
   -275808200.     -8655432.
   2314228555.    -66989947.
  -1965682768.     47760898.
   -358370212.     20281971.
    133214343.     -9573627.
    -29679890.      2993947.
     49138281.     -5653959.
    -49191352.      5994842.
      9361184.     -1286043.
     -1464827.       266191.
      3058199.      -838451.
     -2040622.       454352.
       606007.      -188076.
     -2501738.     46340133.
      2341672.      -767761.
     -2132134.       826166.
      3184525.     -1295293.
     -9689809.      4396228.
     13360521.     -6259609.
     -5255516.      2549510.
       257337.      -136072.
       -19114.        11112.
         5379.        -2773.
         -808.         1387.
          -59.         -578.
          275.         1342.
         5132.          151.
           37.          376.
        12154.       -15494.
          527.          735.
         -109.        -1759.
         8083.         1296.
       -11862.        -5159.
      -283253.      1067392.
          280.           81.
         5891.        -8502.
         -207.          438.
           83.         -331.
          462.          658.
           16.           33.
          285.          275.
        -1960.         -352.
         -261.         -270.
          715.          611.
         -296.         -224.
       -19950.        34534.
         -684.          -25.
          264.           42.
          108.          -52.
          596.         -577.
         -222.          266.
          144.         -175.
           -6.           17.
          -49.           48.
           19.          251.
          -89.          -33.
           -3.           70.
          -22.           58.
        -1209.         1128.
          -45.          131.
          101.         -167.
           17.           -7.
          -29.            6.
          -54.           30.
        -4432.          329.
           -3.           -5.
        16111.       -22775.
            8.            3.
          -11.           -1.
         -109.         -181.
         6999.        14554.
          -26.         -237.
          -62.           15.
          282.         -486.
          -31.          -48.
  13039662330.  -2064389350.
  -5512816241.    486760041.
  -2658170810.    -88495583.
      3414106.      1277515.
         4898.       -11198.
          -38.         -363.
         -158.         -401.
         -400.            3.
           -5.          104.
           50.          135.
           39.          -11.
          -17.           -3.
            9.           10.
          -18.          -11.
            5.           -8.
           -4.           -3.
           11.            8.
            0.            3.
      9215140.     -2752369.
         -128.          188.
          -11.           49.
          -14.           -4.
   1   3
  -2930008733.  -4678947761.
   7370691466.   6229865456.
-103740035118. -42629038758.
    411276417.   -129066296.
  -2554004284.   -423091871.
   4494954907.    709523144.
  -1374407310.   -180839464.
   -109322979.     -2979774.
    912250547.    -43488782.
   -774665063.     33556496.
   -140158241.     12572306.
     51914439.     -5766990.
    -11489104.      1729055.
     18865385.     -3346681.
    -18848993.      3524557.
      3569088.      -749479.
      -549606.       151551.
      1183669.      -387734.
      -764016.       245378.
       218195.      -102007.
     -2092558.     19960120.
       821339.      -435551.
      -726914.       471022.
      1076614.      -738572.
     -3211414.      2507354.
      4409078.     -3562754.
     -1722447.      1451689.
        83060.       -77756.
        -6058.         6479.
         1770.        -1746.
         -111.          814.
          -85.         -314.
          165.          679.
         2156.          249.
           31.          158.
         4292.        -6598.
          114.          291.
           72.         -636.
         2452.          655.
        -3471.        -1989.
      -150571.       449404.
           78.           12.
         2779.        -3489.
         -117.          181.
          110.         -103.
          123.          264.
           10.           16.
          104.          124.
         -829.          -92.
          -91.         -101.
          250.          250.
          -88.          -69.
        -9483.        14228.
         -256.           33.
           92.           -5.
           46.          -24.
          272.         -226.
         -101.          101.
           63.          -67.
           -6.           10.
          -18.           19.
           14.          101.
          -35.          -11.
            1.           27.
          -10.           21.
         -553.          454.
           -8.           48.
           33.          -61.
           10.           -3.
           -3.            3.
          -29.           11.
        -2041.           20.
            0.           -2.
         6985.        -9876.
            0.            2.
           -1.           -1.
          -45.          -86.
         2128.         7005.
          -12.         -102.
          -28.            4.
          204.         -224.
          -13.          -28.
   5232020163.  -1048074430.
  -2195912211.    223767626.
  -1045032024.    -59415173.
      1185307.       715578.
          565.        -4307.
         -112.         -134.
         -127.         -135.
         -178.           10.
            3.           38.
           21.           48.
            3.           -2.
            1.           -2.
           -3.            5.
           -3.           -1.
            0.           -3.
            2.           -2.
            2.            3.
            0.            1.
      3277744.     -1561912.
          -38.           71.
           -4.           18.
           -2.           -1.
