SERIES96.ura 2415020.5  73080.  2  2  1
  87
  0.0002048323162997
  0.0002910034698097
  0.0003462641677046
  0.0004082632429993
  0.0004504857637436
  0.0005064304832849
  0.0005794490825324
  0.0006448262526124
  0.0006800918999911
  0.0007376518199058
  0.0008823036692318
  0.0009350337534438
  0.0010277588315509
  0.0010749249346261
  0.0012896523115906
  0.0013178753311498
  0.0014491198371815
  0.0014746015921208
  0.0014962262112307
  0.0015586521952080
  0.0016182743455115
  0.0016820364813252
  0.0017877095848571
  0.0019274930600027
  0.0020342182428765
  0.0021363872522568
  0.0022505025042565
  0.0023213741755970
  0.0024503393912616
  0.0025451508177510
  0.0026245994788839
  0.0026950853880418
  0.0027895312483059
  0.0029001116435167
  0.0029251091478902
  0.0030716429192774
  0.0031705073859919
  0.0032241301132291
  0.0033359078296805
  0.0034343899592089
  0.0035328748889510
  0.0036366099102168
  0.0037399915171838
  0.0039388003121936
  0.0040022499104002
  0.0040980207188813
  0.0041988825771650
  0.0043497655804481
  0.0043834064770967
  0.0044841616549541
  0.0045862173689880
  0.0046988034477562
  0.0047797293261321
  0.0049879982398017
  0.0050706131021236
  0.0050975983555625
  0.0051842780596205
  0.0053900667102114
  0.0056008997216763
  0.0058039921392481
  0.0058315948884971
  0.0059405901262005
  0.0060075968816016
  0.0062315650459565
  0.0066462502707610
  0.0070638472699655
  0.0072631210365991
  0.0074702127366661
  0.0089946274346757
  0.0090424969282209
  0.0090970725146040
  0.0091461224033801
  0.0172021223468759
  0.0173291097985314
  0.0174519641798161
  0.0174951193470351
  0.0175581969763954
  0.0176402353226712
  0.0182919908470571
  0.0183470527163180
  0.0279624598502417
  0.0279914181585596
  0.0344040925308209
  0.0559249095835357
  0.0713942073588182
  0.0714247989610473
  0.1428495048217307
  18
  0.0010277588315509
  0.0014491198371815
  0.0019274930600027
  0.0029001116435167
  0.0035328748889510
  0.0043497655804481
  0.0047797293261321
  0.0056008997216763
  0.0058039921392481
  0.0066462502707610
  0.0072631210365991
  0.0091461224033801
  0.0172021223468759
  0.0174951193470351
  0.0182919908470571
  0.0279624598502417
  0.0344040925308209
  0.0714247989610473
   1
  0.0172021223468759
********************
   1   1
  13473686527.   2279708853.
   -236778619.  -5998324258.
 131840869162. 138123590390.
    -33215732.   2888255375.
   -361331752.  -5016815236.
    662100031.   2433356302.
  -1510822580.  -5732879782.
   1118955412.   1721258203.
   -921268557.    642047753.
   1119542351.  -2702633632.
   -912906734.   2986712612.
    238656911.  -1094547407.
    -89829442.    816722442.
    122564697.  -1264421153.
      7881865.   -333559480.
    -64499873.    993664949.
     16777729.   -372800674.
    -19971059.    484588974.
     62627452.    798538879.
    -85654208.    561027113.
     80844225.  -1957740396.
    -16637125.    607943409.
      5313475.   -238752526.
     -1245160.     65522155.
       180566.    -11732874.
       -22336.      1595210.
       -17302.      2028256.
        37598.      -774888.
      -114161.       554469.
      -100702.      -286225.
        26699.       216103.
       -25942.      -322083.
        34155.       458441.
       -44755.      -475484.
        31663.       471922.
       844217.      1825246.
      -206747.     -3151574.
         7038.        78301.
         7149.       -75520.
         2839.        53862.
       -12585.       -25356.
         2489.        19721.
         9853.        16395.
         -170.        -4623.
        -2592.         5070.
        -3308.          319.
          595.         1414.
          167.         -959.
          -28.         1099.
         9024.       -24161.
          336.       -21612.
         -268.         2855.
         -703.          284.
         1057.          990.
         3379.        -1765.
          920.          417.
           41.         1490.
         -140.        -1618.
          194.         1110.
            7.          348.
         -155.          172.
        -1359.        -3615.
         1592.         2225.
         -134.           53.
          -24.         -751.
          244.          -83.
           20.           92.
           47.         -151.
         -155.          -98.
           -8.           -9.
          -68.          239.
           94.         -651.
          -68.         1336.
         4921.        -1141.
       -13233.       -27268.
           26.         -193.
          -82.         1350.
           70.         -664.
           -5.         -695.
           11.          142.
          185.         -208.
            9.          137.
       -15797.         7663.
           18.          349.
         -150.         -170.
            8.          106.
           18.         -185.
          426.          581.
          -70.            9.
   -215744940.  -2879880321.
     30152589.   1871713824.
      -149804.    -12793668.
      -226052.      3424112.
        -2995.        35745.
          375.        21000.
         -948.         2233.
          319.         -621.
         1256.        -2000.
           83.         -213.
          -73.          212.
          -22.         1241.
           14.          224.
           97.         2799.
           -9.         -191.
          -13.         -346.
           15.           47.
           -5.         -208.
          138.         -495.
   1   2
  -1949672966.   1676304107.
    354212067.  -4433729873.
-126849988516. 120548530335.
    -67712086.   2128720476.
    572314832.  -3727672347.
   2361617853.   4525209124.
   2340934014.  -3942208745.
  -1647782696.   1047448956.
   1296732972.    674899667.
  -1895239410.  -2568770606.
   1451354990.   2624876276.
   -365737728.   -918684338.
    162993338.    679690119.
   -216847409.  -1042091314.
    -22589473.   -269780636.
    124410817.    810997817.
    -30273452.   -299534458.
     36997235.    389501507.
     -2719131.    685397285.
    156645033.    479431273.
   -163927534.  -1587092256.
     36861679.    490705078.
    -12557741.   -192715876.
      2996448.     53006228.
      -456938.     -9480270.
        69941.      1277177.
        20445.      1682111.
       -44004.      -628658.
        72939.       494570.
        41595.      -198409.
        -9700.       165692.
         6663.      -245447.
       -17270.       346916.
        42263.      -362053.
       -20638.       370935.
       798503.      2814756.
       138242.     -2471768.
        -5752.        60091.
         5421.       -53372.
        -3547.        47913.
        -2760.        -6770.
        -1617.        15646.
        22227.       -15035.
         1209.        -3610.
         4561.         3452.
         -796.        -3196.
         -545.         1213.
           13.         -700.
          461.          354.
        40349.        19916.
        -2142.       -12849.
          324.         1627.
         1857.          588.
            2.         1565.
        -1006.        -4252.
          929.        -1292.
         -491.         1577.
          462.        -1607.
         -336.          577.
         -151.          186.
           -9.          293.
         3198.        -4006.
        -1373.         3742.
          254.         -322.
         -708.          255.
         -221.         -192.
          -13.           68.
          -47.         -134.
           74.           42.
          -83.           83.
           38.          203.
          -48.         -535.
           33.         1068.
          307.         3771.
        25145.       -12020.
          -17.         -155.
           54.         1086.
          -46.         -536.
            6.         -558.
           -8.          114.
          116.          106.
           -5.          109.
        -7621.       -14443.
          -32.          248.
          178.         -123.
          -63.           44.
           12.         -167.
         -367.          540.
           -9.          -56.
    397225297.  -2353279416.
    -74938646.   1498241997.
       354034.    -10417253.
       142804.      2684458.
         5412.        27516.
        -2592.        13152.
            2.         2812.
         -174.         -653.
        -1049.        -3652.
          -36.         -128.
           76.          169.
           21.          970.
          -12.          183.
          -59.         2251.
            9.         -152.
          -16.         -236.
          -10.           35.
          -21.         -185.
          -92.         -405.
   1   3
  -1043312896.    697968255.
    154362240.  -1847774643.
 -57421030082.  50840544173.
    -33442537.    895764460.
    260579399.  -1564819370.
   1020319175.   1949482765.
   1049191237.  -1645927206.
   -737021973.    433869605.
    578020192.    287581991.
   -841402384.  -1088057623.
    644254501.   1108380121.
   -162121937.   -387132931.
     71690305.    286221072.
    -95198544.   -438654606.
     -9530556.   -113401294.
     54104777.    341099437.
    -13098880.   -125958425.
     15942628.    163790357.
     -3453500.    288895695.
     68729343.    202074872.
    -70455721.   -667533339.
     15632513.    206354542.
     -5282254.    -81044422.
      1251042.     22297319.
      -187416.     -3985623.
        28422.       537699.
         7744.       707503.
       -17585.      -265371.
        32831.       209108.
        20465.       -82743.
        -5149.        69308.
         3662.      -103113.
        -8595.       145508.
        20121.      -153945.
       -10027.       156066.
       320612.      1213520.
        65247.     -1039796.
        -2700.        25257.
         2158.       -22474.
        -1490.        20350.
        -1043.        -2620.
         -716.         6648.
         9616.        -6793.
          511.        -1575.
         2155.         1407.
         -533.        -1488.
         -302.          494.
           18.         -310.
          184.          110.
        16865.         9336.
         -700.        -5215.
          121.          665.
          824.          260.
          -39.          663.
         -463.        -1835.
          391.         -591.
         -236.          672.
          227.         -684.
         -179.          278.
          -79.           75.
           -4.          125.
         1455.        -1668.
         -676.         1592.
          117.         -140.
         -311.          120.
         -105.          -82.
           -5.           32.
          -21.          -57.
           33.           20.
          -37.           37.
           20.           86.
          -24.         -226.
           14.          450.
           10.         1762.
        10903.        -5212.
           -9.          -66.
           28.          460.
          -24.         -228.
            3.         -236.
           -4.           48.
           49.           55.
           -3.           46.
        -2429.        -6995.
          -16.          103.
           77.          -54.
          -30.           16.
            5.          -70.
         -242.          229.
            2.          -31.
    173438856.   -989940473.
    -31213540.    629835819.
       142067.     -4381549.
        67762.      1129007.
         2246.        11604.
         -873.         5352.
           55.         1187.
          -90.         -275.
         -530.        -1558.
          -20.          -54.
           37.           70.
           15.          409.
           -2.           71.
          -30.          954.
            4.          -64.
          -11.         -102.
           -5.           15.
          -10.          -78.
          -48.         -172.
