SERIES96.sat 2415020.5  73080.  2  2  1
 117
  0.0001419068772092
  0.0002694908935271
  0.0002908184267919
  0.0003129400841827
  0.0004199902322133
  0.0005367561557484
  0.0005842104184819
  0.0006771854791308
  0.0007616000556979
  0.0008167743422098
  0.0008744498420631
  0.0010035454084193
  0.0010885449321062
  0.0011743199753955
  0.0012277979193687
  0.0012896523115906
  0.0013491169559211
  0.0014615454368124
  0.0015623696999460
  0.0016490117225450
  0.0017533430139999
  0.0017779789013013
  0.0018594595179940
  0.0019762523559107
  0.0021089830019957
  0.0023442373579801
  0.0023941719599106
  0.0024553415643931
  0.0025059802947946
  0.0026161102275131
  0.0027297466847238
  0.0028393980434437
  0.0028877293143496
  0.0030128045665610
  0.0031779332280203
  0.0033530952772658
  0.0034592427134846
  0.0035211237853646
  0.0036110257718298
  0.0037456516514802
  0.0038528084305580
  0.0039601063202872
  0.0040284577919988
  0.0041060054212715
  0.0042055345430585
  0.0043327702456531
  0.0044599843460896
  0.0046128373655464
  0.0046425438219486
  0.0047864655279473
  0.0048907230021676
  0.0049613360725252
  0.0050690253193826
  0.0051452370808374
  0.0051886522291730
  0.0052882337120045
  0.0054059567618252
  0.0054782801395035
  0.0055077814826039
  0.0056460308945850
  0.0057566954836199
  0.0058144644013225
  0.0059465446164470
  0.0060548795407154
  0.0061621205797990
  0.0063451391082257
  0.0065002478444983
  0.0066231431096255
  0.0067006404606163
  0.0067957890305438
  0.0068861429911361
  0.0069203714577265
  0.0070345265139239
  0.0071784772162612
  0.0072111587234043
  0.0074889045648153
  0.0075564180705404
  0.0076471605783869
  0.0077368770155985
  0.0077865522421085
  0.0078349923578228
  0.0079170057293479
  0.0080779077405865
  0.0081421516824346
  0.0082690996851594
  0.0083549025005899
  0.0086099143240999
  0.0086526485652723
  0.0088517758543975
  0.0089509966334004
  0.0090336418856643
  0.0091549946602421
  0.0092302396543889
  0.0093494005173764
  0.0094862795052651
  0.0095172831695753
  0.0095835760544017
  0.0098104763713572
  0.0100861990057462
  0.0103635990294399
  0.0103842759126667
  0.0106771443719920
  0.0109533101265391
  0.0112500270787210
  0.0115433304849591
  0.0118200297565685
  0.0121157908803077
  0.0124091467771327
  0.0129815840875449
  0.0171789393761882
  0.0172021213137675
  0.0182920832690912
  0.0279624521184772
  0.0344040943736304
  0.0559249017812981
  0.0714247815076088
  0.1428494874002308
  22
  0.0005842104184819
  0.0008744498420631
  0.0012896523115906
  0.0017533430139999
  0.0023442373579801
  0.0028877293143496
  0.0031779332280203
  0.0043327702456531
  0.0046128373655464
  0.0054782801395035
  0.0063451391082257
  0.0072111587234043
  0.0080779077405865
  0.0089509966334004
  0.0091549946602421
  0.0098104763713572
  0.0100861990057462
  0.0106771443719920
  0.0115433304849591
  0.0172021213137675
  0.0182920832690912
  0.0279624521184772
   2
  0.0031779332280203
  0.0063451391082257
********************
   1   1
    307639994.   3368225114.
    192127074.  -7402278141.
     11911616.   -983495385.
   1309791891.  -1475082148.
  -3141191721.   5277327001.
   2022029716.  -4184629996.
   -514537558.   1085898500.
   3239319069.  -5196179618.
  58643570058. -69987883366.
  -1798127387.   1701861797.
   1740502931.   -765704194.
  -1904907736.   -232102981.
    894888374.    295472584.
   -243632711.    309708383.
    494173928.   -333987699.
   1572841559.    132210786.
   2173376891.   -678419823.
   -748027689.    372575309.
   -851987266.    -30596841.
    135573983.     -2597453.
    -70305600.    -22786241.
     80822370.     34264617.
    535985134.    262338258.
   -510402194.   -230060526.
     17056423.      5279324.
     -2304555.      2440049.
        54525.       746339.
      3653182.     15202678.
     -3817371.    -15319105.
      2275681.      8985439.
      -978848.     -4152916.
       422781.       947981.
      -247675.      -810986.
       885481.      3278617.
      -542429.     -2497851.
       -98109.      -368453.
       251832.       321683.
        -3036.       -41597.
       122653.        57021.
       -27461.       -28928.
         5964.        11840.
      -174920.       244086.
         2226.         4140.
        -7192.        -8721.
        75413.       108343.
         7291.       -13216.
         -610.        10076.
        62645.       -14933.
         1645.       -12255.
       -79581.       -43477.
        -1982.       128385.
         -645.        -9746.
        15875.        56227.
         8733.        -8460.
        -5541.        13241.
        11214.       -27333.
        12764.        44578.
         4379.       -10924.
       -12768.        27167.
       -78790.        80831.
        53374.       -83193.
        -1989.         1327.
         3232.        19644.
         1515.          967.
          249.         -266.
         8230.        13139.
         -200.         -151.
       -16168.         5101.
         -251.         -492.
        -1204.         9996.
         1013.          658.
         -459.          -66.
         1093.         -155.
         1351.         7650.
          132.          -66.
         -692.         1168.
        -6375.         -664.
        -1861.         4233.
          714.          592.
         -508.         -297.
         1128.          715.
        -1351.         2906.
          862.          707.
         -288.         -266.
        -3105.         -799.
          425.          580.
         -136.         -274.
        -1052.         2062.
           31.          -57.
         -469.         1996.
          -12.         -116.
        -1146.         -647.
           94.          577.
         4650.         -214.
         -512.          426.
           28.          127.
          -12.         -301.
         -432.         1324.
          -43.         -200.
         -431.         -279.
         -408.          305.
            0.          -60.
         -346.          496.
         -161.         -173.
         -220.          128.
         -224.          185.
          -59.          -96.
         -113.           55.
         -136.           76.
          -18.          -62.
          -65.           29.
          -35.         -312.
       -13172.       -27099.
          195.         -146.
       -15778.         7940.
         -159.         -178.
           19.           91.
          453.          471.
          -61.            4.
  -6937329785.  -9646696640.
    593821265.  -1475289129.
  -3920100203.   -442692291.
   -522553764.    240544053.
     -2094892.      9519069.
     -1414369.      4233477.
       150933.      -425592.
        19361.         -284.
        -9263.      -144129.
        72992.       128188.
        -1415.          -74.
          275.         1224.
          632.        -1185.
         -265.         -905.
         1790.         1341.
          -79.          172.
           -3.           37.
          -29.           67.
           -4.           25.
           25.         -292.
            8.            1.
            7.            5.
      -207865.      -878322.
        -1977.        -2439.
   1   2
  -7147049081.  -2535827055.
     67615081.   5441203694.
    -14362564.    725219354.
   1616226274.   1087700929.
  -3686077866.  -3939025410.
   2483669790.   3006361186.
   -586186351.   -804275203.
   3578550118.   3931257951.
  66848246686.  52271496493.
  -2004952210.  -1307435362.
   1976793589.    588275630.
  -2267906871.    234961885.
   1177294792.   -340725721.
   -205351638.   -297467564.
    417507046.    383522234.
   -731853004.   1974831956.
   2504426826.    513306943.
   -874454798.   -281112275.
   -829650517.    -88918930.
    119353005.     23723483.
    -58132867.      7136573.
     59493046.    -15723433.
    163170205.    -48897345.
   -253093295.    145388471.
      3198279.     -5369803.
      3077936.       434366.
       781462.      -313380.
      2918204.     -2807257.
    -11178658.      5257724.
      6155879.     -3276536.
     -2749459.      1469360.
       538148.      -615806.
      -419388.       376983.
      1581936.     -1474116.
       269309.      1834607.
      -175956.       164179.
       257900.       -97851.
       -16308.        13943.
        52053.      -130889.
        -8068.         3351.
         2075.        -4312.
       239506.       160748.
         3499.        -2309.
        -3743.         -212.
        89363.        -2937.
        -8015.        16645.
         6090.        -9375.
        73933.       -33728.
        -2605.         5519.
        40111.       131681.
        37593.       -54275.
        -2737.         2785.
        38452.         1504.
        -4610.        10624.
         5115.        -8568.
       -10761.        13792.
        33128.       -27193.
        -3444.         5724.
         9652.       -13049.
        45369.        10408.
       -32244.        39018.
          744.        -1021.
        15193.         5586.
          868.         1554.
         -140.         -552.
        13782.        -4257.
          232.          367.
         5199.        17072.
           75.           93.
         6512.         3633.
         -494.          756.
          268.         -552.
         -464.          442.
         7719.         -774.
           20.          358.
          309.        -2697.
          445.         9962.
         2787.         2050.
         -232.          424.
          122.         -392.
         -130.          595.
         3887.         -277.
         -123.          746.
           63.         -169.
         -326.         3207.
          -49.           29.
           20.           -2.
         1084.         1313.
           88.         -105.
         1677.          898.
          -15.           79.
         -413.         1438.
           32.         -279.
          378.         4450.
          366.          851.
          -11.          -95.
           75.          181.
          698.          336.
           26.          180.
         -270.          560.
          160.          385.
           52.           26.
          259.          340.
         -156.          238.
           55.          188.
          108.          218.
          -77.          110.
           10.           83.
           28.          120.
          -37.           57.
            1.           49.
           -2.          267.
        25126.       -12357.
          111.          200.
        -7649.       -14204.
          182.         -162.
          -53.           -4.
         -364.          397.
          -14.          -51.
  -7691462763.   7343129305.
    938820424.   1316383220.
  -3995558480.    740764985.
   -293788530.   -142655332.
     -9697098.     -2888981.
     -2152691.     -2078724.
       246429.       226091.
       -28945.         2407.
        41224.        59568.
       -48781.       -59701.
          127.          175.
         -330.        -2891.
          -43.         -179.
           13.          235.
          -13.        -1967.
           68.         -144.
          -63.           90.
           60.          -78.
           22.          -24.
           -9.          247.
            4.            2.
            5.           -2.
      -391916.       381260.
          559.         1757.
   1   3
  -2965986416.  -1193332314.
     24333954.   2564871986.
     -5250529.    341700109.
    608531216.    513258996.
  -1384381695.  -1853346606.
    940147188.   1421637551.
   -221667784.   -378702366.
   1350807359.   1845607362.
  25078019831.  24600802929.
   -754874233.   -612307763.
    742403067.    274990845.
   -850634308.    108054404.
    444951655.   -153589455.
    -75787779.   -136046279.
    152512685.    172565396.
   -370964196.    810226936.
    939344214.    240268283.
   -329937853.   -131631451.
   -302913976.    -35435468.
     43714237.     10020357.
    -20560775.      3822006.
     20451163.     -7752054.
     39948973.    -28734098.
    -77650625.     66946502.
       429379.     -2266580.
      1364898.         1265.
       308094.      -174661.
       842066.     -1921354.
     -4306469.      2948570.
      2326631.     -1815137.
     -1035540.       824655.
       177553.      -288039.
      -144700.       193434.
       541628.      -764780.
       214928.       851703.
       -58441.        85183.
        52721.       -77369.
        -5205.         7614.
         7925.       -51775.
        -1208.         2677.
          252.        -2164.
       105866.        52003.
          502.        -2096.
          968.         2451.
        21858.       -17312.
        -5965.         4859.
         2989.        -3627.
        24504.       -12937.
         -958.         2647.
        23740.        55917.
        10989.       -28890.
         -556.         1946.
        12208.        -5917.
        -3214.         2251.
         2332.        -2791.
        -4327.         4704.
        10496.       -11311.
        -1372.         1987.
         3668.        -4088.
        19676.         8681.
       -12792.         9079.
          363.           21.
         5613.         -646.
          -60.         -319.
           10.         -137.
         4350.        -2622.
           70.          180.
         2578.         6579.
           48.          165.
         2665.          156.
         -262.         -197.
          117.            5.
         -131.         -130.
         2595.         -637.
            5.           73.
            7.         -677.
          435.         3584.
         1250.          392.
          -35.         -207.
          -15.           97.
          106.         -264.
         1190.          285.
           91.         -181.
          -29.           88.
         -144.         1402.
           49.         -207.
          -22.           89.
          589.          219.
           36.            4.
          641.          140.
          -13.           33.
         -179.          580.
           41.         -158.
           37.         2053.
          226.          251.
            2.          -56.
           20.          120.
          301.          -15.
            2.           94.
         -113.          212.
          114.          116.
           18.           28.
          122.           70.
          -67.           88.
           49.           62.
           56.           64.
          -32.           38.
           17.           29.
           21.           37.
          -15.           20.
            5.           15.
           -2.          122.
        10895.        -5363.
           45.           95.
        -2443.        -6894.
           79.          -71.
          -26.           -7.
         -241.          167.
           -2.          -29.
  -2879206244.   3450251321.
    353475230.    607363122.
  -1473366623.    324291801.
    -93902268.    -66702006.
     -3979297.     -1654463.
      -732193.     -1067911.
        91190.       110289.
       -14119.         1265.
        13329.        30909.
       -18604.       -15736.
          314.         -145.
          120.         -815.
          191.          361.
           81.          141.
          -90.         -957.
           31.          -93.
          -48.           18.
           28.          -48.
            9.          -17.
            1.          107.
            2.            0.
           -2.           -5.
      -126958.       198807.
          334.         1252.
