Cambridge Atlas of Herschel Objects	CAHO1a	0	12	75	901b	12	24	75	902b	21	24	45	752a	0	3	45	753a	6	9	45	753b	3	6	45	754a	12	15	45	754b	9	12	45	755a	18	21	45	755b	15	18	45	756b	22	24	15	45
6a	0	2	15	45
7a	4	6	15	45
7b	2	4	15	45
8a	8	10	15	45
8b	6	8	15	45
9a	12	14	15	45
9b	10	12	15	45
10a	16	18	15	45
10b	14	16	15	45
11a	20	22	15	45
11b	18	20	15	45
12b	22.5	24	-15	15
12a	0	1.5	-15	15
13a	3	4.5	-15	15
13b	1.5	3	-15	15
14a	6	7.5	-15	15
14b	4.5	6	-15	15
15a	9	10.5	-15	15
15b	7.5	9	-15	15
16a	12	13.5	-15	15
16b	10.5	12	-15	15
17a	15	16.5	-15	15
17b	13.5	15	-15	15
18a	18	19.5	-15	15
18b	16.5	18	-15	15
19a	21	22.5	-15	15
19b	19.5	21	-15	15
20b	22	24	-45	-15
20a	0	2	-45	-15
21a	4	6	-45	-15
21b	2	4	-45	-15
22a	8	10	-45	-15
22b	6	8	-45	-15
23a	12	14	-45	-15
23b	10	12	-45	-15
24a	16	18	-45	-15
24b	14	16	-45	-15
25a	20	22	-45	-15
25b	18	20	-45	-15
26a	21	24	-75	-45
26b	0	3	-75	-45
27a	6	9	-75	-45
27b	3	6	-75	-45
28a	12	15	-75	-45
28b	9	12	-75	-45
29a	18	21	-75	-45
29b	15	18	-75	-45
30a	0	12	-90	-75
30b	12	24	-90	-75

