SERIES96.plu 2341972.5 146120.  2  2  1
  79
  0.0000645003954767
  0.0001083248182742
  0.0001302845039950
  0.0001647931102110
  0.0001935009111902
  0.0002223713814377
  0.0003032617466697
  0.0003259245316052
  0.0003564788182945
  0.0004265843275504
  0.0004504414126134
  0.0004621976452575
  0.0005009310180713
  0.0005163665812699
  0.0005578840837283
  0.0005882807878323
  0.0006450023602974
  0.0007097644931957
  0.0007630643779746
  0.0007740033551209
  0.0008385031396726
  0.0008950620823930
  0.0009546112813918
  0.0010257258723510
  0.0010829083622508
  0.0011680365808352
  0.0012402969415296
  0.0012928191201040
  0.0013456357095373
  0.0014190059530383
  0.0014394722144799
  0.0014502633914848
  0.0014992210903607
  0.0015428123212911
  0.0015974276154366
  0.0016558593040335
  0.0017276400980462
  0.0017454037029334
  0.0018218220437320
  0.0018752019836145
  0.0019274581265864
  0.0020276684092299
  0.0020593644313201
  0.0021930090516062
  0.0023167675734051
  0.0023444666623724
  0.0024069066839055
  0.0024776789062543
  0.0025243272440971
  0.0025683597132804
  0.0026028733904416
  0.0026445104463195
  0.0026987251473879
  0.0027209267363602
  0.0027831244970033
  0.0028734402489415
  0.0029001727572836
  0.0029378561033912
  0.0029682660519342
  0.0030032453681262
  0.0031822101571415
  0.0032227961162699
  0.0034656972650518
  0.0037842204263083
  0.0038055149432355
  0.0038631084607818
  0.0039057024237246
  0.0040299965798700
  0.0040607528186549
  0.0041419592273325
  0.0043500677970861
  0.0046321911016410
  0.0058000293641214
  0.0091460972871525
  0.0172021241000055
  0.0182919853033702
  0.0279624504977881
  0.0344040942957748
  0.0714247796645652
  22
  0.0001083248182742
  0.0001647931102110
  0.0003032617466697
  0.0003259245316052
  0.0003564788182945
  0.0005009310180713
  0.0005882807878323
  0.0007097644931957
  0.0007630643779746
  0.0008950620823930
  0.0011680365808352
  0.0014190059530383
  0.0014502633914848
  0.0017454037029334
  0.0023167675734051
  0.0029001727572836
  0.0031822101571415
  0.0034656972650518
  0.0040607528186549
  0.0043500677970861
  0.0091460972871525
  0.0279624504977881
   6
  0.0001083248182742
  0.0003032617466697
  0.0011680365808352
  0.0031822101571415
  0.0043500677970861
  0.0279624504977881
********************
   1   1
  97866275010.  -1512850955.
  12815125160.  55182445714.
 -16182909423.-308141951618.
  -6100246460. -69004997669.
  23563025280.  28560333346.
  10751048838.  -2070809805.
  -4552113061.   8062798375.
  -3582687208.  -1173981973.
   1112219973.  -1151015709.
   -706554345.   -930342842.
    747589502.   1212312524.
   -754465900.   -817449709.
   1105801536.   1404965895.
   -195698460.   -391832163.
   -391956340.   -370043993.
    462217137.    447176753.
  -1176717340.  -1358503056.
    707781483.    848010526.
     74175141.    119824894.
   -110356092.    -81884916.
   -908004923.   -729771959.
   1021013597.    795238194.
    -18400032.    -17522508.
      5025980.      4827827.
      1144429.      1387714.
      -343823.      -426528.
       321804.       450273.
      -305880.     -1458496.
       414864.       824845.
      -349754.      -786380.
       536355.      1370990.
     44920368.    154393557.
   -163504424.   -587671449.
     93451631.    473166111.
       589146.      2721328.
       -60044.      -359174.
         7060.        61210.
        -2411.       -22308.
         9645.        99746.
        -9421.       -47626.
         -841.        -2275.
         -621.          367.
          720.         -616.
         -516.        -1558.
         -478.         1019.
          103.           39.
         7498.        -5839.
        -3088.          491.
         3087.         -377.
        -2830.         3566.
         -425.        -1213.
        -2649.        -7093.
          641.         8832.
         3268.         1410.
        -6062.         1258.
         1391.          841.
        -1374.         1075.
        10321.       -11858.
      -349775.     -1144960.
       -14804.         9338.
         6982.        -3751.
        -2424.         1145.
       -11753.         1462.
         1596.         -806.
          319.           54.
          266.          -53.
         -357.         -261.
          628.         -229.
         -253.          169.
         -231.         -558.
         -421.         -264.
          121.         -257.
        39184.        19748.
          694.         -596.
        -1829.          558.
         2698.         4160.
       -12159.       -27891.
           -3.          194.
        17833.         -845.
         -104.         -259.
         -399.          486.
 -23619870084. 102659273615.
  11901342393.  -9394687472.
   1846281006.   1411902358.
   -144014530.    471963107.
    402093700.   -611915884.
  -1339223298.   1565347971.
   1302836962.  -1611540868.
    144384578.     -2798270.
   1001872207.   -733276480.
     15485537.    -16360240.
       266187.      -685327.
    -33174914.    109739814.
     58779770.   -222499244.
        -2180.       110233.
        -4356.        -5517.
       -33874.       -26407.
         3195.         1421.
           70.          130.
          226.         -373.
         -594.          121.
           14.         -112.
          -19.           60.
   -289665538.  39698021724.
     47585289.   3923378445.
      2974833.      5042282.
         2336.        -2101.
         -934.         -122.
         -424.         -480.
   1   2
 102976268548.    -21426537.
 -12522789694.   8434597436.
 298776956905. -53474238507.
  76591022463.  -8902380103.
 -35664693697.  23633073446.
  15791151685.  13648825300.
 -17461207781.  -5966828316.
   3122583126.  -2888890261.
    230777793.    767399673.
   4931492067.   -141773773.
  -4923568168.    285591293.
   5034654721.   -324390277.
  -8156125400.    307852499.
   1456180908.     11807430.
   3114219655.   -149936097.
  -3467899164.    154405518.
   8780212371.   -311059889.
  -5319633941.    184811593.
   -584492952.     10471932.
    826373009.    -39983731.
   6919736762.   -332339467.
  -7754803071.    378397761.
    144867321.     -6526550.
    -39415728.      1690687.
     -9783336.       456787.
      3070133.      -146730.
     -3038032.       141913.
      5184676.      -143922.
     -4854183.       272045.
      4352897.      -250056.
     -7273142.       428324.
   -764334934.     49983575.
   2882260450.   -190406620.
  -2141689994.    117444514.
    -12641213.       907311.
      1584908.      -119206.
      -256898.        21474.
        86079.        -6444.
      -326915.        25273.
       252373.       -24514.
         7810.         -139.
        -4122.         1131.
         1961.        -1382.
         2834.        -1216.
        -1024.         -540.
         -480.         -109.
         4119.         3746.
         -947.         3379.
          532.        -3142.
         3050.         3061.
         -714.          777.
        -9006.          227.
         3151.        -7521.
          793.        -3258.
         1036.         8787.
         -366.        -3840.
         2218.          415.
         4868.         5506.
      1046215.      -334404.
         5750.        -2262.
        -4132.          232.
         1914.          151.
          122.        -9903.
        -1780.         -127.
          652.          756.
        -1561.         -211.
          763.          366.
         -491.         -572.
          584.          200.
         -825.         -344.
         1276.         -251.
           -8.          -49.
       -17923.        36079.
          265.          439.
         -451.        -1593.
        -3993.         2378.
        25748.       -11080.
         -212.            6.
          744.        16023.
          264.         -111.
         -445.         -388.
 113651312909.  26552608666.
 -11519133987. -12695473663.
    356486329.  -1105358623.
    271758149.      5229156.
   -941559728.    -66727676.
  10101126241.    383056304.
  -9798244929.   -316541749.
  -1000028233.    -76941060.
  -7548975979.   -378484435.
   -126495028.     -5589953.
     -3580011.      -211410.
    548136189.     35446430.
  -1079543718.    -71882513.
       319918.        18489.
        -1394.        -4555.
         4230.         9590.
        -3590.          378.
            2.            2.
          511.          -77.
          782.          105.
          -84.           43.
          145.          -36.
 -32558215719.   2711526731.
 -12787759816.   -573334908.
    -31284958.      1606275.
        -1625.          146.
          829.         -370.
         1380.           53.
   1   3
   2650310803.    412742978.
  -7801363767. -14083974769.
  98093717079.  76194312726.
  25730019069.  17953428486.
 -18219331401.  -1147392365.
   1668170789.   4750586133.
  -4058669010.  -4184651506.
   2039451793.   -582182371.
   -259738603.    604375592.
   1746261575.    171875767.
  -1758263138.   -215445577.
   1801774466.     69830441.
  -2870224777.   -192914545.
    501746197.     93543846.
   1097463752.     14873887.
  -1221726669.    -20378540.
   3073204957.    129006600.
  -1862848942.    -79417739.
   -199772986.    -17783261.
    290676938.    -10126334.
   2418505650.    -87706529.
  -2714004881.    105082526.
     50090663.     -1476356.
    -13618712.       384216.
     -3324298.        96880.
      1041682.       -52135.
     -1009420.        57427.
      1725125.       -12088.
     -1540301.        97440.
      1367829.       -91112.
     -2254010.       173889.
   -229973686.     21637399.
    863840780.    -83076216.
   -645578961.     50513453.
     -3701527.       413247.
       453391.       -53358.
       -71992.         8351.
        24554.        -3865.
       -90843.        15702.
        64711.       -16262.
         2336.         -459.
         -756.          647.
          229.         -129.
          818.         -703.
           92.         -224.
         -137.          -49.
         1029.         2176.
          875.         1054.
         -815.         -914.
         2032.         -317.
         -294.          689.
        -1321.         2374.
        -1975.        -4318.
         -193.        -1135.
          797.          464.
         1231.         -159.
         1213.          628.
       -13790.         3535.
       462309.      -115911.
        15914.        -2449.
        -7521.         1064.
         2539.         -285.
         1049.        -4259.
        -1826.           13.
          476.          282.
         -782.           77.
          477.           85.
         -414.          -62.
          306.          -37.
           -7.          198.
          316.         -231.
          -67.         -125.
        -8735.        14970.
            8.          199.
         -133.         -708.
        -1950.          976.
        11203.        -4805.
          -98.          -10.
         -628.         7201.
           75.          -64.
         -205.         -226.
  42550902070. -22519893658.
  -7191098560.  -1152386735.
   -421431702.   -807816466.
    115200605.   -135265706.
   -390326982.    143117182.
   3546859299.   -169681509.
  -3414672613.    166214347.
   -363879232.    -47393199.
  -2649575504.   -113154209.
    -43331129.     -1300299.
     -1106585.      -105718.
    165489877.     15245730.
   -322286686.    -31591034.
        89480.        11075.
         1378.         -326.
        42625.         7246.
        -3621.          -32.
          -79.           12.
         -365.          488.
          558.           10.
          -36.           -1.
           74.           -5.
 -10058579663. -11149057957.
  -4018947101.  -1252249379.
    -10129785.       512676.
        -2911.         -123.
          812.          -11.
          495.          132.
