SERIES96.jup 2415020.5  73080.  2  2  1
 134
  0.0001773907397956
  0.0002791916019750
  0.0003504478764383
  0.0004345314803194
  0.0005168146800505
  0.0005844604428215
  0.0006713667607237
  0.0007662081729800
  0.0008980814369753
  0.0009362644407490
  0.0009821113778900
  0.0010779420543676
  0.0011738540011833
  0.0012698508969401
  0.0013797700045485
  0.0013995327634899
  0.0014501088876870
  0.0015708834965166
  0.0017010290317117
  0.0017431086370035
  0.0017882557067289
  0.0018985384732101
  0.0020253487059044
  0.0021924089599324
  0.0022338651757688
  0.0023156737340606
  0.0023546605877096
  0.0025275383968456
  0.0026015076829458
  0.0027037034494793
  0.0028254892133981
  0.0029006541307949
  0.0029401403955624
  0.0029860057989603
  0.0030840473793337
  0.0031791159697832
  0.0032373632249161
  0.0033530953327626
  0.0034710289931244
  0.0036064355566788
  0.0037421546519684
  0.0037729813348178
  0.0038689567289794
  0.0039857636228824
  0.0040502659687993
  0.0041395338240212
  0.0042274884517067
  0.0043501507224369
  0.0044687768103940
  0.0045580231044343
  0.0046427482390358
  0.0047255520165950
  0.0049006785538545
  0.0049231932606827
  0.0051240106617435
  0.0052407688110001
  0.0054165395330234
  0.0054954960719094
  0.0055732844861477
  0.0056639502410683
  0.0058004560277065
  0.0059117784792182
  0.0060091033847492
  0.0060613655468925
  0.0061336025114848
  0.0062467162095773
  0.0063545933276529
  0.0065168395645628
  0.0066481901473525
  0.0067233497175961
  0.0068351568939135
  0.0069445021746686
  0.0069641221057091
  0.0071678688029657
  0.0072505774229928
  0.0074196934102766
  0.0075191831509553
  0.0076379468400723
  0.0077351452525861
  0.0077995700208725
  0.0078624664065109
  0.0080857759611780
  0.0081800369031074
  0.0083268079271053
  0.0083700381116343
  0.0085099949362509
  0.0086282703394021
  0.0086993050216577
  0.0087362277095061
  0.0088470987868605
  0.0089532026030634
  0.0089791629360097
  0.0090448614049797
  0.0091487162103681
  0.0092518370376820
  0.0094369198582703
  0.0094954470445012
  0.0095225513732807
  0.0095864828098420
  0.0098142889347041
  0.0100080743778144
  0.0100487524089224
  0.0100975844082844
  0.0101723110589670
  0.0102660913031425
  0.0103874824729716
  0.0106800871950013
  0.0109589545686481
  0.0112530120235851
  0.0112845035312004
  0.0115375460475827
  0.0118227282059297
  0.0121182554663886
  0.0124246518334918
  0.0126966252238929
  0.0129736490067439
  0.0139133630612879
  0.0139370279714091
  0.0143134245036078
  0.0171633467100715
  0.0172021229857112
  0.0172431612594196
  0.0173199040069893
  0.0182920295583941
  0.0274381916125241
  0.0276694145957334
  0.0279624518676781
  0.0282554497593792
  0.0300538808331225
  0.0344040939292954
  0.0559249022756022
  0.0714247862945905
  0.0714662206715823
  0.1428494916818722
  24
  0.0023156737340606
  0.0034710289931244
  0.0040502659687993
  0.0043501507224369
  0.0046427482390358
  0.0049006785538545
  0.0054954960719094
  0.0058004560277065
  0.0060613655468925
  0.0062467162095773
  0.0069641221057091
  0.0072505774229928
  0.0083700381116343
  0.0103874824729716
  0.0109589545686481
  0.0118227282059297
  0.0121182554663886
  0.0129736490067439
  0.0172021229857112
  0.0274381916125241
  0.0279624518676781
  0.0344040939292954
  0.0714247862945905
  0.1428494916818722
   4
  0.0043501507224369
  0.0072505774229928
  0.0109589545686481
  0.0714247862945905
********************
   1   1
  -3652133538.    -43576096.
     -7354343.    141972177.
     -1453032.     19820380.
     -4361370.    -53574306.
      4274244.     22145035.
      -439394.    -20228022.
     -1143255.     20811922.
      6283559.    -28138972.
      -268810.     11194807.
       360136.     -8336913.
     -4221246.     32095978.
      6926908.    -51670936.
     -4418171.     31517274.
      2129283.    -11176310.
      5517256.     22249989.
       564439.     -8658971.
      2379185.     43558627.
     -6181574.    -51526015.
  42219547864. -30294062001.
      -734912.     -4117661.
      1153118.     11431889.
     11715030.     -5819964.
     -2709559.      6840903.
       605781.     -1477874.
       613847.      -195450.
       941227.    -10356864.
     -2989015.     24457521.
    -11328560.     26102192.
      7241413.    -39832328.
      -911498.      3316074.
       303476.      2619386.
      -740399.      3211968.
      3676593.     -9574673.
    693978080.  -1029860910.
     -2585903.    -29981445.
     -3048326.     23255889.
      1834492.     -9181948.
      8503080.      8715686.
      2684498.     -7760764.
     -1667805.      5012144.
       441205.     -1181360.
      1732146.     -4706253.
     -9509924.     24229601.
     12153241.    -31328283.
     -9060171.     22110225.
     44260055.   -103243416.
      -698020.      7368572.
    -63628650.    139936827.
     59719202.   -127134475.
    -51390929.     80734622.
     42397454.    -82837202.
    -31845167.     60341425.
     12107588.    -22029437.
      6361282.    -11373661.
      7933660.    -13182445.
     -8589592.     14449504.
        59711.       -99031.
       -55288.        77194.
       268987.      -366587.
       394869.      -399136.
      -823699.      1062085.
       454251.      -564547.
       -75580.     -2149641.
      -895048.      1010990.
      3190795.     -3437428.
     -1646422.      1812955.
     -1193312.      1204064.
       176941.      -174214.
        40860.       -28805.
        -3594.         2676.
         9740.        -2674.
        -6858.         5760.
         9421.        -6585.
      -193051.       105972.
       190299.      -105037.
        11740.        -3957.
       -50607.       -78337.
          909.          127.
         2399.        -3454.
          241.         -271.
         -365.           31.
         1508.        -1819.
          -60.           34.
         1811.          223.
            0.          114.
          278.         -700.
          589.          254.
          -75.          132.
          358.         -551.
        -3246.        -2979.
          -16.         -234.
         -107.          119.
         1400.         -190.
         -905.          193.
          367.         -115.
         4882.         -311.
          206.         -130.
           -3.           31.
           87.         -251.
          161.           11.
           95.          -75.
          281.           88.
           97.          -86.
          -90.          123.
          120.         -136.
         -217.          -50.
           43.            5.
          143.         -104.
           97.           50.
           76.          -28.
           79.          -63.
           -8.           41.
           43.           16.
           22.           11.
           43.          -13.
           23.            3.
            3.           12.
           23.          -11.
          -21.            6.
           13.           30.
           16.           -9.
          -31.          125.
       -13268.       -27352.
          113.         -174.
          -24.           23.
          204.         -119.
            8.           -7.
            3.           -3.
       -15774.         7971.
           -5.            4.
           -6.          -22.
         -159.         -202.
            5.           48.
          327.          573.
          103.         -112.
          -66.           21.
     13570154.     81840040.
      5381293.     15264475.
   -158258414.   -360038401.
    -18049511.    -48151558.
     46369699.     84921189.
     -9070925.    -15288185.
     -1720707.     -2274727.
     -1508872.     -1793144.
     -6123860.     -6424289.
       430566.       405366.
       126876.        69128.
       -16048.        -5313.
         -555.        -1083.
          -56.           45.
          -32.          -13.
          -14.           -3.
           28.           40.
           31.           22.
          160.          354.
          -11.            0.
          -11.          -10.
           15.            2.
          119.          127.
           -6.            1.
    275665824.   -561871964.
        25843.        -5773.
          -29.           81.
           99.         -136.
   1   2
   -918456884.     53122594.
      7026251.   -158142290.
       475744.    -22094577.
    -32394181.     45595116.
     -2340440.    -18046786.
      1264788.     19408074.
     -1071145.    -20136534.
      9968650.     27265472.
      -477678.    -11804185.
       392925.      8809546.
       -27059.    -33624796.
     -1896174.     56983194.
      1591242.    -35097889.
     -1632802.     12941736.
    -18492713.     -1464640.
      1515845.      8776014.
      1932458.    -49230344.
     -2393520.     56255633.
  28233408468.  38502992927.
       508381.      2841467.
     -2570155.     -7105972.
     -5991289.     23067737.
         7824.     -9016876.
       -60786.      1885644.
      -541488.      -489488.
      3468918.      8981720.
     -7698969.    -21975776.
     -8985668.    -28863106.
     11548968.     37819708.
     -1026210.     -3273724.
     -4592377.      3131998.
      -920542.     -3147235.
      3255827.     10041129.
    974101361.    601378217.
     -4448289.     37048598.
     -2960225.    -25391525.
      1910595.      9689539.
     -1507170.      -151895.
      1938215.      8904168.
     -1313286.     -5636196.
       690462.       914067.
      1352193.      5375647.
     -7317136.    -28257739.
      9292429.     36367139.
     -6846637.    -25957543.
     33016065.    122882952.
     -1848894.     -6137549.
    -46647106.   -169863890.
     43354381.    156176311.
     -2901941.   -147734437.
     30000118.    105406497.
    -22323867.    -77880670.
      8300901.     28475671.
      4369683.     15098848.
      5244919.     18225652.
     -5746786.    -19891854.
        37459.       141246.
       -46189.      -103180.
       180014.       560786.
       193726.       701748.
      -535512.     -1701563.
       289286.       930418.
      1891754.       124818.
      -557921.     -1814259.
      1952647.      6427639.
     -1004638.     -3359048.
      -713680.     -2398260.
       104762.       354101.
        18752.        56610.
        -2224.        -7527.
        -3883.        12377.
        -2310.       -11898.
         2949.        17221.
       -62883.      -351117.
        60313.       341868.
          803.        19653.
        74085.       -58896.
        -1042.          898.
         1616.         1096.
          598.          601.
         -762.         -686.
           11.         1528.
            3.         -194.
            9.         -149.
          -94.          253.
          476.         -806.
         -927.          758.
          -94.           58.
         -100.           56.
         1767.        -3218.
          761.           78.
         -292.         -186.
         1203.          809.
        -1107.        -1152.
          421.          591.
          141.         4201.
         -135.         -109.
           69.          100.
         -178.         -343.
         -127.          251.
           20.          -25.
           68.          -47.
          125.           26.
         -198.          -77.
           63.          -89.
            8.         -195.
           13.           48.
         -110.          -72.
           31.          -32.
          -24.          -65.
          -49.          -83.
           -6.           38.
           23.          -17.
          -20.          -28.
          -17.          -37.
           15.           -6.
          -12.          -14.
           -5.          -18.
          -32.          -18.
           57.           23.
            0.           -3.
          -31.           10.
        25079.       -12123.
           95.           -1.
          -20.           -2.
          115.          178.
           13.            7.
            2.            0.
        -7647.       -14225.
           -5.           -1.
          -13.           14.
          183.         -145.
          -59.           10.
         -513.          454.
          131.          -31.
          -19.          -53.
     24069721.    -76703160.
      4285640.    -17225403.
   -117239454.    431971458.
    -14285024.     54300228.
     32095049.   -111164917.
     -6072760.     20988477.
     -1136130.      3584523.
      -962245.      3103450.
     -3723083.     12281838.
       254580.      -866906.
        37656.      -228388.
         -636.        36802.
        -1071.         -581.
          -50.          109.
          -17.           33.
           -4.           17.
           20.           11.
           30.          -11.
          138.           18.
           -9.            2.
           -5.            2.
           10.           -2.
          146.           33.
           -6.            2.
    197679332.    702108697.
        -3195.        47504.
          -42.           68.
          130.          -34.
   1   3
   -304730340.     23622050.
      3272398.    -71052251.
       269545.     -9923606.
    -13990520.     20705246.
     -1055522.     -8268838.
       485486.      8793351.
      -350957.     -9112887.
      3856532.     12401460.
      -120602.     -5321236.
        90418.      3971881.
       521768.    -15059013.
     -1723842.     25476767.
      1298767.    -15673831.
     -1022779.      5721103.
     -8036594.     -1433615.
       335718.      4016842.
      6254854.    -22314635.
    -10282950.     25559315.
  11077606257.  17241854140.
       473595.      1327414.
     -1411459.     -3365250.
     -2498584.     10005962.
      -108865.     -4042346.
        -9755.       850525.
      -229828.      -120623.
      1533913.      4080679.
     -3389893.     -9973173.
     -3631980.    -12965508.
      5013819.     17136453.
      -432715.     -1482486.
     -1962941.      1262051.
      -389627.     -1425329.
      1328783.      4537588.
    400437290.    282933041.
     -1552402.     16526742.
     -1323241.    -11418155.
       810688.      4368840.
      -867948.      -262106.
       789212.      4001432.
      -535190.     -2535550.
       292118.       419124.
       545925.      2417286.
     -2939908.    -12693603.
      3732365.     16345427.
     -2740391.    -11661437.
     13172632.     55178163.
      -794417.     -2798900.
    -18540018.    -76220721.
     17197511.     70049607.
       -39170.    -65311812.
     11846316.     47221091.
     -8803318.    -34873169.
      3266723.     12750392.
      1719574.      6754906.
      2062950.      8145111.
     -2260893.     -8888722.
        15075.        63072.
       -17687.       -46150.
        69198.       249793.
        72332.       311704.
      -206066.      -756998.
       111191.       413664.
       812402.       107398.
      -214096.      -804722.
       748066.      2848313.
      -384098.     -1488675.
      -272812.     -1061144.
        39987.       156620.
         7013.        25219.
         -846.        -3296.
        -1855.         5890.
         -813.        -5339.
         1016.         7664.
       -21011.      -155311.
        20187.       151333.
            6.         8740.
        33054.       -23471.
         -475.          432.
          619.          734.
          248.          253.
         -306.         -277.
           38.          770.
            2.          -87.
          -31.          -32.
          -36.          108.
          187.         -334.
         -429.          408.
          -39.           22.
          -38.           59.
          862.        -1253.
          315.            9.
         -122.          -74.
          486.          344.
         -453.         -469.
          175.          250.
          -65.         1949.
          -81.          -14.
           32.           38.
          -88.         -126.
          -40.          119.
            4.           -5.
           23.          -10.
           48.           15.
          -78.          -40.
           11.          -19.
            8.          -82.
            5.           21.
          -49.          -14.
           11.           -8.
          -19.          -22.
          -25.          -27.
           -1.           16.
            8.           -5.
          -12.          -10.
          -10.          -12.
            5.           -1.
           -6.           -5.
           -4.           -6.
          -13.           -7.
           24.            8.
           -1.           -1.
          -10.            0.
        10877.        -5256.
           33.            5.
           -7.           -1.
           47.           85.
            6.            4.
            1.            0.
        -2442.        -6904.
           -2.            0.
           -6.            7.
           79.          -63.
          -27.            1.
         -297.          192.
           49.          -13.
           -3.          -30.
     10505137.    -34768142.
      1740676.     -7748111.
    -46698075.    193912085.
     -5741672.     24429284.
     12638590.    -49755361.
     -2388539.      9380354.
      -437381.      1595047.
      -369754.      1376808.
     -1425591.      5439685.
        97315.      -382860.
        12443.      -101167.
          206.        16198.
         -427.         -221.
          -23.           46.
           -3.           17.
            0.            8.
            7.            5.
           12.           -4.
           50.          -10.
           -4.            1.
           -6.           -2.
            4.           -1.
           55.           13.
           -2.            1.
     78226373.    314731889.
        -2131.        21146.
          -14.           28.
           48.          -14.
